"Hylak_id","longitude","latitude","fish_ID"
1105500,-59.6040910047736,-30.5129333333332,191
1105498,-59.6395910047735,-30.5147333333332,191
1105503,-59.6148910047735,-30.5169333333332,191
1105501,-59.8996910047735,-30.5180333333332,191
1105502,-59.6241910047735,-30.5180333333332,191
1105507,-59.8736910047735,-30.5203333333332,191
1105513,-59.5768910047736,-30.5207333333332,191
1105510,-59.8026910047735,-30.5240333333333,191
1105512,-59.6291910047735,-30.5260333333331,191
1105516,-59.8859910047735,-30.5274333333332,191
1105515,-59.8701910047736,-30.5306333333332,191
1105517,-59.7247910047736,-30.5315333333332,191
1105521,-59.7710910047736,-30.5352333333332,191
1105520,-59.8038910047735,-30.5382333333332,191
1105522,-59.6296910047736,-30.5390333333332,191
1105525,-59.8474910047736,-30.5400333333332,191
1105534,-59.7523910047736,-30.5444333333332,191
121532,-59.6200910047735,-30.5455333333332,191
1105528,-59.8407910047735,-30.5470333333332,191
1105533,-59.8156910047736,-30.5494333333332,191
1105554,-59.6932910047736,-30.5519333333332,191
1105535,-59.6277910047735,-30.5531333333332,191
1105540,-59.6051910047735,-30.5553333333332,191
1105545,-59.6354910047735,-30.5555333333332,191
1105549,-59.8493910047736,-30.5590333333332,191
1105557,-59.6169910047736,-30.5613333333332,191
1105546,-59.5924910047735,-30.5637333333332,191
1105559,-59.7946910047735,-30.5643333333333,191
10456,-59.7290910047735,-30.5668333333332,191
1105562,-59.8795910047735,-30.5704333333331,191
1105564,-59.8352910047736,-30.5717333333332,191
1105568,-59.6222910047736,-30.5736333333332,191
1105567,-59.6959910047735,-30.5748333333332,191
1105570,-59.5972910047736,-30.5766333333332,191
1105571,-59.8781910047735,-30.5767333333332,191
1105576,-59.6075910047734,-30.5789333333332,191
1105575,-59.8587910047735,-30.5791333333332,191
1105581,-59.7850910047736,-30.5798333333332,191
1105573,-59.6148910047735,-30.5827333333332,191
1105579,-59.8717910047735,-30.5835333333332,191
1105583,-59.7440910047735,-30.5869333333331,191
1105585,-59.8539910047735,-30.5873333333332,191
1105588,-59.6311910047735,-30.5878333333332,191
1105587,-59.7127910047736,-30.5879333333332,191
121535,-59.8446910047736,-30.5925333333332,191
1105595,-59.8255910047735,-30.5972333333332,191
1105593,-59.8503910047735,-30.5994333333332,191
1105596,-59.8557910047735,-30.5999333333332,191
1105601,-59.9355910047735,-30.6031333333332,191
1105598,-59.8669910047735,-30.6039333333332,191
1105609,-59.9210910047735,-30.6060333333332,191
1105602,-59.8471910047735,-30.6060333333332,191
1105610,-59.8061910047736,-30.6069333333332,191
1105603,-59.7099910047735,-30.6069333333332,191
1105605,-59.7992910047736,-30.6079333333332,191
1105613,-59.7329910047736,-30.6157333333332,191
1105614,-59.6910910047736,-30.6173333333331,191
1105622,-59.7533910047736,-30.6213333333332,191
1105621,-59.6984910047735,-30.6245333333331,191
1105626,-59.8423910047736,-30.6268333333332,191
1105623,-59.9054910047736,-30.6269333333332,191
1105625,-59.8525910047736,-30.6272333333332,191
1105627,-59.7313910047735,-30.6277333333333,191
1105629,-59.0189910047736,-30.6282333333332,191
1105636,-59.8675910047735,-30.6343333333332,191
1105633,-59.9521910047736,-30.6360333333332,191
1105637,-59.8860910047736,-30.6366333333332,191
1105638,-59.8370910047735,-30.6397333333331,191
1105639,-59.7943910047735,-30.6398333333332,191
1105641,-59.9559910047735,-30.6424333333332,191
1105647,-59.9285910047735,-30.6446333333332,191
1105646,-59.9217910047736,-30.6448333333332,191
1105648,-59.8833910047734,-30.6469333333332,191
1105642,-59.7040910047734,-30.6517333333333,191
1105651,-59.8747910047736,-30.6522333333331,191
121540,-59.8544910047735,-30.6532333333332,191
1105653,-59.8414910047736,-30.6577333333332,191
121542,-59.8762910047735,-30.6604333333332,191
1105656,-59.8122910047736,-30.6644333333332,191
1105657,-59.8941910047735,-30.6679333333332,191
1105661,-59.7681910047736,-30.6716333333331,191
1105662,-59.7185910047735,-30.6731333333332,191
1105665,-59.9559910047735,-30.6752333333332,191
1105666,-59.8804910047735,-30.6764333333331,191
1105668,-59.9033910047735,-30.6794333333332,191
1105672,-59.8859910047735,-30.6815333333332,191
1105679,-59.8942910047735,-30.6844333333332,191
1105675,-59.7293910047735,-30.6855333333332,191
1105681,-59.7608910047736,-30.6875333333332,191
1105680,-59.8534910047735,-30.6881333333332,191
1105685,-59.9533910047736,-30.6905333333332,191
1105686,-59.9300910047735,-30.6908333333332,191
1105691,-59.8991910047735,-30.6968333333332,191
1105695,-59.7435910047735,-30.6994333333332,191
1105699,-59.9359910047734,-30.7054333333332,191
1105709,-59.8926910047735,-30.7067333333332,191
1105706,-59.7916910047735,-30.7093333333332,191
1105710,-59.7260910047736,-30.7105333333332,191
1105708,-59.6857910047735,-30.7120333333332,191
1105711,-59.9760910047736,-30.7130333333331,191
1105715,-59.9789910047735,-30.7183333333332,191
1105720,-59.8625910047735,-30.7206333333332,191
1105719,-59.9334910047734,-30.7224333333332,191
1105728,-59.7321910047735,-30.7235333333333,191
1105721,-59.9608910047735,-30.7268333333332,191
1105729,-59.7224910047736,-30.7383333333332,191
1105730,-59.9098910047735,-30.7396333333332,191
1105735,-59.6970910047736,-30.7465333333332,191
1105733,-59.8935910047736,-30.7481333333332,191
1105741,-59.8603910047736,-30.7496333333332,191
1105743,-59.9429910047735,-30.7499333333332,191
1105746,-59.8392910047735,-30.7517333333332,191
1105756,-59.8014910047735,-30.7594333333332,191
1105750,-59.8317910047735,-30.7608333333332,191
1105757,-59.8547910047735,-30.7613333333333,191
1105758,-59.8984910047736,-30.7628333333332,191
1105754,-59.9480910047735,-30.7633333333332,191
1105770,-59.9893910047735,-30.7669333333332,191
121548,-59.8728910047736,-30.7694333333332,191
1105766,-59.9650910047736,-30.7710333333332,191
1105772,-59.7296910047735,-30.7740333333333,191
1105771,-59.8973910047735,-30.7748333333332,191
1105773,-59.9149910047736,-30.7770333333332,191
1105778,-59.9807910047736,-30.7781333333332,191
1105780,-59.9670910047736,-30.7814333333332,191
1105784,-59.7530910047735,-30.7844333333332,191
1105783,-59.8466910047736,-30.7856333333331,191
1105787,-59.8016910047735,-30.7907333333332,191
1105788,-59.8513910047736,-30.7920333333332,191
1105789,-59.9884910047736,-30.7925333333332,191
1105792,-59.8687910047735,-30.7926333333332,191
1105790,-59.8569910047736,-30.7950333333332,191
1105800,-59.8854910047735,-30.7981333333332,191
1105794,-59.9706910047736,-30.7985333333332,191
1105796,-59.9183910047735,-30.7993333333332,191
1105799,-59.9358910047736,-30.8012333333332,191
1105817,-59.8280910047735,-30.8026333333332,191
1105795,-59.8948910047735,-30.8028333333332,191
1105805,-59.7771910047735,-30.8035333333332,191
1105812,-59.7541910047736,-30.8036333333332,191
1105806,-59.8670910047736,-30.8039333333332,191
1105807,-59.7913910047736,-30.8045333333332,191
1105804,-59.9266910047735,-30.8051333333332,191
1105810,-59.9043910047735,-30.8063333333332,191
1105820,-59.9705910047736,-30.8132333333332,191
1105818,-59.9874910047735,-30.8136333333332,191
1105826,-59.8832910047736,-30.8142333333332,191
1105822,-59.8721910047736,-30.8150333333332,191
121554,-59.9079910047736,-30.8158333333332,191
1105823,-59.7759910047735,-30.8158333333332,191
1105827,-59.8691910047736,-30.8194333333332,191
121550,-59.7883910047736,-30.8204333333332,191
1105829,-59.8403910047736,-30.8208333333332,191
1105828,-59.8248910047735,-30.8212333333332,191
1105830,-59.9314910047736,-30.8231333333332,191
1105834,-59.9869910047735,-30.8268333333332,191
1105836,-59.8146910047735,-30.8273333333332,191
121556,-59.9226910047736,-30.8311333333332,191
121555,-59.8346910047736,-30.8343333333332,191
1105838,-59.9723910047736,-30.8351333333332,191
121551,-59.8764910047735,-30.8387333333332,191
1105851,-59.9587910047735,-30.8392333333333,191
1105852,-59.8126910047735,-30.8405333333332,191
1105860,-59.8944910047736,-30.8425333333332,191
1105858,-59.8551910047736,-30.8431333333332,191
1105862,-59.7962910047736,-30.8457333333332,191
1105865,-59.8537910047735,-30.8494333333333,191
1105872,-59.9426910047736,-30.8524333333332,191
1105867,-59.9109910047736,-30.8529333333332,191
1105874,-59.7971910047735,-30.8557333333331,191
1105878,-59.9871910047735,-30.8564333333331,191
1105881,-59.8554910047735,-30.8620333333332,191
1105885,-59.9071910047736,-30.8639333333333,191
1105887,-59.9280910047735,-30.8647333333332,191
121559,-59.9186910047736,-30.8651333333332,191
1105886,-59.8025910047734,-30.8659333333331,191
1105884,-59.9732910047736,-30.8661333333331,191
121561,-59.9410910047735,-30.8665333333332,191
1105889,-59.8847910047735,-30.8692333333332,191
1105892,-59.8023910047735,-30.8704333333332,191
1105893,-59.9049910047735,-30.8711333333331,191
1105897,-59.9489910047736,-30.8719333333332,191
1105894,-59.9708910047734,-30.8733333333332,191
1105891,-59.9151910047735,-30.8740333333332,191
10459,-59.9933910047735,-30.8761333333331,191
1105903,-59.9331910047736,-30.8769333333332,191
1105904,-59.9454910047735,-30.8838333333331,191
121563,-59.9026910047735,-30.8843333333332,191
1105913,-59.9688910047736,-30.8867333333332,191
1105907,-59.9124910047736,-30.8883333333332,191
1105911,-59.8199910047736,-30.8885333333332,191
1105918,-59.9275910047735,-30.8897333333332,191
1105917,-59.8603910047736,-30.8909333333332,191
1105916,-59.9450910047735,-30.8938333333332,191
1105921,-59.9744910047735,-30.8957333333332,191
1105924,-59.9053910047735,-30.8974333333332,191
1105930,-59.8699910047735,-30.8991333333332,191
1105929,-59.9162910047736,-30.9020333333332,191
1105928,-59.9213910047735,-30.9024333333332,191
1105936,-59.8987910047736,-30.9044333333332,191
1105937,-59.8862910047736,-30.9050333333332,191
1105927,-59.9270910047735,-30.9063333333332,191
1105947,-59.9728910047734,-30.9066333333332,191
1105943,-59.8700910047735,-30.9069333333332,191
1105954,-59.9841910047735,-30.9100333333331,191
1105950,-59.9108910047735,-30.9110333333333,191
1105953,-59.9474910047735,-30.9113333333332,191
1105956,-59.9213910047735,-30.9134333333332,191
1105952,-59.9950910047734,-30.9140333333332,191
1105957,-59.9215910047735,-30.9186333333332,191
1105958,-59.9476910047736,-30.9191333333332,191
1105960,-59.9279910047736,-30.9267333333332,191
1105967,-59.9046910047736,-30.9288333333332,191
121568,-59.9799910047735,-30.9309333333332,191
1105972,-59.9006910047735,-30.9315333333332,191
1105978,-59.9113910047735,-30.9368333333332,191
1105981,-59.9457910047735,-30.9391333333332,191
1105985,-59.9191910047736,-30.9402333333333,191
1105982,-59.9753910047734,-30.9406333333332,191
1105984,-59.9520910047735,-30.9410333333332,191
1105983,-59.9906910047735,-30.9428333333332,191
1105987,-59.9835910047736,-30.9439333333332,191
1105990,-59.9738910047736,-30.9479333333333,191
1105995,-59.9907910047735,-30.9495333333332,191
1105999,-59.8912910047736,-30.9505333333332,191
1105998,-59.8637910047735,-30.9517333333332,191
1106002,-59.9212910047736,-30.9521333333332,191
1106006,-59.9684910047735,-30.9548333333332,191
1106012,-59.8835910047736,-30.9567333333331,191
1106011,-59.9542910047735,-30.9579333333332,191
1106004,-59.9952910047735,-30.9604333333332,191
1106013,-59.8937910047736,-30.9610333333332,191
121572,-59.9108910047735,-30.9620333333332,191
1106016,-59.9588910047736,-30.9640333333332,191
121573,-59.9287910047736,-30.9645333333332,191
1106034,-59.9807910047736,-30.9649333333332,191
1106025,-59.8925910047736,-30.9710333333333,191
1106027,-59.9473910047736,-30.9736333333331,191
1106028,-59.9246910047735,-30.9752333333332,191
1106031,-59.8804910047735,-30.9756333333332,191
1106033,-59.9988910047735,-30.9759333333332,191
1106029,-59.9636910047736,-30.9765333333332,191
1106036,-59.8743910047734,-30.9785333333332,191
1106039,-59.9735910047735,-30.9803333333332,191
1106040,-59.9611910047736,-30.9816333333331,191
1106050,-59.9972910047736,-30.9912333333332,191
1106051,-59.9734910047735,-30.9934333333332,191
1106054,-59.9638910047736,-31.0035333333332,191
1106065,-59.9269910047736,-31.0072333333332,191
121575,-59.9853910047736,-31.0140333333331,191
1106072,-59.9382910047736,-31.0236333333332,191
1106076,-59.9637910047736,-31.0361333333332,191
1106084,-59.9332910047735,-31.0403333333332,191
1106095,-59.9813910047736,-31.0508333333332,191
1106100,-59.9775910047736,-31.0530333333332,191
1106102,-59.9306910047736,-31.0555333333332,191
1106117,-59.9705910047736,-31.0701333333332,191
1106114,-59.9936910047735,-31.0719333333332,191
1106121,-59.9858910047736,-31.0794333333332,191
1106145,-59.8412910047735,-31.0812333333332,191
1106129,-59.8126910047735,-31.0825333333332,191
1106133,-59.8572910047735,-31.0833333333331,191
1106130,-59.9719910047735,-31.0861333333332,191
121584,-59.8719910047735,-31.0919333333332,191
1106140,-59.7967910047736,-31.0921333333332,191
1106168,-59.9998910047735,-31.1104333333332,191
1106170,-59.9054910047736,-31.1182333333333,191
121588,-59.9929910047736,-31.1348333333332,191
1106202,-59.9333910047736,-31.1507333333332,191
1106207,-59.9295910047735,-31.1537333333332,191
1106211,-59.9388910047736,-31.1544333333331,191
1106212,-59.9447910047735,-31.1563333333332,191
1106554,-59.1142910047736,-31.5190333333331,191
1106634,-59.1252910047735,-31.6367333333332,191
1106688,-59.1409910047736,-31.7017333333332,191
1106802,-59.1113910047735,-31.8435333333332,191
1105509,-57.8111875542535,-30.5230444444442,191
1105508,-57.9056875542535,-30.5266444444443,191
1105526,-57.8709875542535,-30.5424444444443,191
1105529,-57.2681875542535,-30.5446444444443,191
1105531,-58.2134875542535,-30.5457444444442,191
1105532,-58.6009875542535,-30.5472444444442,191
1105536,-57.8984875542535,-30.5519444444443,191
1105555,-57.8767875542535,-30.5547444444442,191
1105543,-58.2802875542535,-30.5553444444443,191
1105539,-57.0902875542535,-30.5553444444443,191
1105547,-58.2393875542535,-30.5560444444443,191
1105548,-58.3837875542535,-30.5566444444442,191
1105556,-57.8070875542535,-30.5568444444443,191
1105563,-57.8985875542535,-30.5725444444443,191
1105565,-57.7621875542534,-30.5735444444443,191
1105574,-58.1538875542535,-30.5776444444442,191
1105584,-58.3794875542535,-30.5855444444443,191
1105590,-58.7138875542535,-30.5910444444443,191
1105591,-57.1583875542535,-30.5930444444443,191
121537,-58.6152875542534,-30.5981444444442,191
1105594,-58.3889875542535,-30.5984444444443,191
1105597,-57.5421875542535,-30.6010444444442,191
1105607,-55.9210875542535,-30.6087444444441,191
1105619,-57.3789875542535,-30.6217444444443,191
1105628,-56.1208875542534,-30.6306444444443,191
1105659,-55.7289875542535,-30.6700444444443,191
1105673,-56.3374875542535,-30.6837444444443,191
1105694,-58.3643875542535,-30.6985444444443,191
1105700,-58.3595875542535,-30.7058444444442,191
1105717,-58.2713875542534,-30.7205444444442,191
1105718,-55.8146875542535,-30.7215444444442,191
1105725,-55.8010875542535,-30.7280444444442,191
1105727,-55.7499875542535,-30.7312444444442,191
121546,-58.2299875542535,-30.7333444444443,191
1105740,-55.8232875542535,-30.7490444444443,191
1105748,-58.3984875542535,-30.7560444444443,191
1105764,-58.5741875542535,-30.7641444444443,191
1105781,-57.7172875542534,-30.7828444444442,191
1105785,-58.4914875542535,-30.7853444444442,191
1105808,-58.4211875542535,-30.8035444444443,191
1105824,-56.7042875542535,-30.8158444444442,191
1105832,-58.4588875542535,-30.8237444444442,191
1105837,-58.5485875542535,-30.8281444444443,191
1105845,-56.9787875542535,-30.8362444444442,191
1105853,-56.9036875542535,-30.8396444444443,191
1105850,-58.6308875542535,-30.8407444444442,191
1105855,-56.9351875542535,-30.8414444444442,191
1105906,-55.6728875542535,-30.8844444444443,191
1105905,-56.4496875542535,-30.8845444444441,191
1105910,-56.5144875542535,-30.8879444444443,191
1105931,-58.5809875542535,-30.8994444444443,191
1105934,-56.5646875542535,-30.9019444444443,191
1105963,-58.3714875542535,-30.9240444444442,191
1105969,-57.5255875542534,-30.9304444444443,191
1105979,-58.5541875542535,-30.9376444444443,191
964,-57.9092875542535,-30.9396444444443,191
1106000,-58.5723875542535,-30.9519444444442,191
1106010,-56.6547875542535,-30.9570444444443,191
1106059,-57.1322875542535,-31.0071444444443,191
1106097,-55.9785875542535,-31.0520444444443,191
1106098,-56.0024875542535,-31.0532444444443,191
1106154,-56.1393875542535,-31.1053444444443,191
1106190,-56.9437875542534,-31.1288444444443,191
1106193,-58.5937875542535,-31.1413444444443,191
1106215,-58.3686875542535,-31.1568444444443,191
121597,-57.3513875542535,-31.2001444444443,191
1106244,-57.2870875542535,-31.2016444444443,191
1106247,-57.3864875542535,-31.2070444444442,191
1106271,-57.8498875542535,-31.2240444444442,191
1106291,-57.0046875542535,-31.2423444444443,191
1106318,-57.2100875542534,-31.2735444444443,191
1106401,-57.4788875542534,-31.3637444444443,191
1106556,-56.0636875542535,-31.5230444444443,191
1106628,-55.9374875542535,-31.6430444444443,191
1106642,-55.9545875542535,-31.6538444444443,191
1106643,-56.0369875542535,-31.6553444444442,191
1106720,-55.7403875542535,-31.7466444444442,191
1106722,-55.6766875542535,-31.7496444444442,191
1106756,-57.4410875542535,-31.7998444444443,191
1106765,-57.4582875542535,-31.8099444444443,191
1106769,-56.0501875542535,-31.8125444444443,191
1106793,-55.8966875542534,-31.8374444444442,191
1106795,-55.6381875542535,-31.8434444444442,191
1106811,-55.8271875542534,-31.8621444444443,191
1106847,-57.4566875542534,-31.9183444444443,191
1105499,-54.3494063585067,-30.5164555555559,191
1105505,-54.8371063585067,-30.5208555555559,191
1105504,-54.6432063585067,-30.5224555555559,191
1105511,-54.4033063585067,-30.5263555555558,191
1105518,-54.5821063585067,-30.5329555555559,191
1105523,-53.5927063585067,-30.5381555555559,191
121531,-54.7674063585067,-30.5515555555558,191
1105537,-54.6024063585068,-30.5517555555558,191
1105544,-54.9493063585068,-30.5557555555559,191
1105552,-54.3738063585067,-30.5585555555558,191
1105558,-54.8187063585067,-30.5642555555558,191
1105561,-54.6105063585067,-30.5681555555559,191
1105560,-54.8704063585067,-30.5694555555558,191
1105566,-54.6318063585068,-30.5738555555559,191
1105569,-54.5841063585067,-30.5768555555559,191
1105577,-55.0146063585067,-30.5805555555559,191
1105586,-54.3742063585067,-30.5882555555559,191
1105592,-54.5872063585068,-30.5927555555559,191
121536,-55.0809063585068,-30.5958555555559,191
1105599,-55.2254063585067,-30.6031555555558,191
1105600,-54.6086063585067,-30.6040555555559,191
1105604,-55.1062063585067,-30.6070555555559,191
1105608,-54.4948063585067,-30.6081555555558,191
1105611,-54.7550063585068,-30.6117555555559,191
1105612,-54.8524063585067,-30.6122555555559,191
1105618,-55.0807063585067,-30.6189555555559,191
1105615,-54.5800063585066,-30.6205555555559,191
1105620,-54.7110063585067,-30.6238555555559,191
1105631,-54.5211063585068,-30.6343555555558,191
1105640,-55.0812063585067,-30.6409555555559,191
1105643,-54.7211063585067,-30.6453555555559,191
1105644,-54.6972063585067,-30.6461555555559,191
1105649,-54.8435063585067,-30.6486555555559,191
1105650,-54.8577063585067,-30.6492555555559,191
1105654,-54.8170063585067,-30.6590555555558,191
1105658,-53.7109063585067,-30.6678555555559,191
1105660,-54.8353063585067,-30.6694555555559,191
1105663,-54.8718063585067,-30.6698555555559,191
1105671,-54.9626063585067,-30.6792555555558,191
1105669,-54.6187063585067,-30.6828555555559,191
1105674,-54.9037063585067,-30.6843555555559,191
1105682,-54.4642063585068,-30.6884555555558,191
1105678,-54.7478063585068,-30.6885555555559,191
1105683,-54.5474063585067,-30.6902555555558,191
1105688,-54.2245063585067,-30.6929555555558,191
1105690,-54.5763063585067,-30.6949555555559,191
1105693,-54.7835063585068,-30.6974555555558,191
1105692,-54.9132063585067,-30.6994555555559,191
1105697,-54.6361063585068,-30.7035555555559,191
1105698,-54.9480063585067,-30.7041555555558,191
121545,-53.7286063585067,-30.7057555555559,191
1105705,-53.7066063585067,-30.7080555555559,191
1105702,-54.9008063585067,-30.7112555555559,191
1105707,-55.1868063585067,-30.7122555555559,191
1105713,-54.8621063585067,-30.7147555555559,191
1105712,-55.3227063585067,-30.7155555555559,191
1105716,-54.7694063585067,-30.7181555555558,191
1105723,-54.7884063585067,-30.7285555555559,191
1105726,-55.3514063585067,-30.7297555555559,191
1105731,-53.7391063585068,-30.7455555555558,191
1105734,-54.7745063585068,-30.7473555555558,191
1105736,-54.8476063585067,-30.7488555555558,191
1105742,-53.6634063585067,-30.7507555555558,191
1105751,-54.8102063585067,-30.7579555555559,191
1105744,-54.9075063585067,-30.7584555555559,191
1105755,-54.9634063585067,-30.7627555555558,191
1105759,-54.6374063585067,-30.7636555555559,191
1105765,-54.8448063585067,-30.7718555555559,191
1105775,-54.7729063585068,-30.7738555555559,191
1105769,-53.6662063585067,-30.7750555555559,191
1105768,-53.6488063585068,-30.7786555555559,191
1105777,-55.1665063585066,-30.7802555555559,191
1105786,-54.7896063585067,-30.7854555555558,191
1105791,-55.0997063585067,-30.7936555555559,191
1105801,-54.9145063585067,-30.8013555555559,191
1105803,-54.6740063585066,-30.8021555555558,191
1105813,-55.0013063585067,-30.8027555555559,191
1105802,-54.9893063585067,-30.8028555555559,191
1105793,-54.6424063585067,-30.8041555555558,191
1105809,-54.7691063585067,-30.8050555555559,191
1105821,-54.7913063585067,-30.8105555555559,191
1105814,-54.9494063585067,-30.8106555555559,191
1105833,-54.8523063585067,-30.8271555555559,191
1105839,-54.7679063585068,-30.8304555555559,191
1105841,-55.2034063585068,-30.8331555555559,191
1105844,-54.9578063585067,-30.8370555555558,191
1105846,-54.7846063585067,-30.8370555555558,191
1105848,-55.1680063585068,-30.8381555555559,191
1105856,-54.5874063585068,-30.8440555555558,191
1105861,-54.8450063585067,-30.8461555555559,191
1105863,-54.9902063585067,-30.8463555555559,191
1105869,-54.9229063585067,-30.8558555555559,191
1105875,-54.9934063585067,-30.8567555555558,191
1105882,-55.6172063585067,-30.8597555555558,191
1105876,-54.6693063585067,-30.8608555555559,191
1105879,-54.8093063585067,-30.8628555555559,191
1105900,-54.8747063585067,-30.8781555555559,191
1105902,-54.9840063585067,-30.8798555555559,191
1105901,-53.6822063585067,-30.8798555555559,191
1105908,-54.6725063585067,-30.8885555555559,191
1105915,-54.8092063585067,-30.8916555555558,191
1105926,-55.2328063585068,-30.8987555555559,191
1105932,-54.7916063585067,-30.9011555555558,191
1105922,-54.7515063585067,-30.9016555555558,191
1105940,-54.8691063585067,-30.9053555555559,191
1105948,-54.8964063585067,-30.9102555555559,191
1105955,-54.8403063585067,-30.9108555555558,191
121569,-53.4222063585066,-30.9166555555558,191
1105961,-54.9240063585067,-30.9200555555559,191
1105973,-55.0215063585067,-30.9299555555559,191
1105974,-54.7845063585067,-30.9327555555559,191
1105975,-54.8228063585067,-30.9351555555559,191
1105976,-55.0450063585067,-30.9361555555559,191
1105986,-54.8963063585067,-30.9462555555558,191
1105991,-55.1542063585067,-30.9476555555559,191
1105993,-54.9497063585067,-30.9494555555559,191
1105992,-55.3516063585067,-30.9495555555558,191
1105996,-54.8181063585066,-30.9503555555559,191
1106003,-54.6624063585068,-30.9522555555558,191
1106007,-55.0923063585067,-30.9545555555558,191
1106008,-54.9474063585067,-30.9594555555559,191
1106014,-53.0521063585068,-30.9609555555558,191
1106009,-55.0031063585067,-30.9610555555558,191
1106015,-54.9680063585067,-30.9616555555559,191
1106020,-54.9167063585067,-30.9661555555559,191
1106019,-55.2634063585068,-30.9666555555559,191
1106024,-54.9395063585067,-30.9699555555558,191
1106023,-55.0526063585067,-30.9719555555558,191
1106032,-54.9045063585067,-30.9734555555559,191
1106035,-54.6155063585067,-30.9735555555559,191
1106037,-52.5898063585067,-30.9791555555559,191
1106045,-54.8340063585067,-30.9852555555559,191
1106044,-55.1642063585068,-30.9888555555559,191
1106046,-54.9963063585067,-30.9902555555558,191
1106047,-54.9624063585068,-30.9903555555559,191
1106053,-54.7841063585067,-30.9985555555559,191
1106056,-54.8962063585067,-31.0012555555559,191
1106055,-54.8612063585068,-31.0021555555558,191
1106058,-54.7427063585067,-31.0029555555558,191
1106060,-52.6735063585068,-31.0041555555558,191
1106057,-54.7876063585068,-31.0065555555559,191
1106062,-54.8169063585067,-31.0099555555558,191
1106063,-54.7696063585067,-31.0102555555559,191
1106064,-55.0011063585067,-31.0119555555559,191
1106067,-55.1430063585067,-31.0123555555558,191
1106066,-54.8823063585067,-31.0125555555559,191
1106068,-54.6807063585068,-31.0158555555558,191
1106073,-54.7380063585068,-31.0266555555559,191
1106077,-55.0693063585067,-31.0328555555558,191
1106080,-55.0127063585067,-31.0352555555558,191
1106081,-54.8379063585067,-31.0353555555558,191
1106082,-55.0452063585067,-31.0363555555559,191
1106086,-54.6583063585068,-31.0396555555559,191
1106088,-54.6312063585067,-31.0401555555559,191
1106087,-54.8640063585067,-31.0416555555559,191
1106090,-54.7396063585068,-31.0428555555558,191
1106091,-54.7659063585068,-31.0434555555559,191
1106094,-54.7513063585067,-31.0498555555559,191
1106093,-54.8118063585067,-31.0499555555559,191
1106096,-55.1321063585067,-31.0532555555558,191
121579,-54.9402063585067,-31.0543555555559,191
1106101,-54.8575063585066,-31.0600555555558,191
1106106,-54.6355063585067,-31.0626555555559,191
1106104,-54.7952063585067,-31.0631555555559,191
1106107,-54.7840063585067,-31.0638555555559,191
121580,-54.7019063585067,-31.0653555555559,191
1106109,-54.8639063585067,-31.0655555555559,191
1106122,-54.6892063585066,-31.0718555555559,191
1106111,-54.7895063585067,-31.0719555555558,191
1106115,-55.0709063585068,-31.0733555555559,191
1106119,-55.0120063585067,-31.0769555555559,191
1106123,-54.7634063585068,-31.0785555555559,191
1106128,-54.7511063585067,-31.0806555555559,191
1106124,-54.7093063585068,-31.0833555555559,191
1106136,-54.9668063585067,-31.0885555555559,191
1106139,-53.6547063585067,-31.0913555555559,191
1106142,-55.1920063585067,-31.0958555555559,191
1106141,-55.1140063585067,-31.0958555555559,191
1106138,-54.7101063585067,-31.0966555555559,191
1106150,-54.7473063585068,-31.0986555555558,191
1106149,-55.2343063585067,-31.1007555555559,191
1106160,-54.8647063585067,-31.1021555555558,191
1106152,-55.0817063585067,-31.1027555555559,191
1106158,-54.8960063585067,-31.1027555555559,191
1106153,-54.6473063585067,-31.1027555555559,191
1106157,-55.1382063585067,-31.1058555555558,191
1106162,-54.9556063585067,-31.1086555555559,191
1106165,-55.1628063585067,-31.1113555555558,191
1106169,-55.0428063585068,-31.1141555555558,191
1106173,-54.9514063585067,-31.1170555555559,191
1106171,-54.7715063585067,-31.1171555555558,191
1106176,-54.9173063585067,-31.1201555555559,191
1106175,-54.7156063585068,-31.1212555555559,191
1106177,-54.8106063585067,-31.1219555555559,191
1106180,-54.7647063585067,-31.1229555555559,191
1106184,-54.7960063585067,-31.1244555555559,191
1106183,-54.8401063585068,-31.1246555555559,191
1106188,-54.9542063585067,-31.1281555555558,191
1106191,-55.1027063585067,-31.1318555555558,191
1106194,-54.9605063585066,-31.1426555555559,191
1106198,-54.5963063585067,-31.1484555555559,191
1106203,-55.1411063585067,-31.1507555555558,191
1106201,-54.6097063585067,-31.1512555555559,191
1106206,-54.8839063585067,-31.1521555555559,191
1106208,-54.9598063585067,-31.1528555555559,191
1106209,-54.8369063585067,-31.1541555555559,191
1106214,-54.6334063585067,-31.1553555555559,191
1106218,-54.7818063585067,-31.1584555555558,191
1106219,-54.9112063585067,-31.1622555555558,191
1106220,-54.9943063585067,-31.1640555555559,191
1106221,-54.7639063585067,-31.1647555555558,191
1106224,-54.5749063585067,-31.1717555555558,191
1106226,-54.6888063585067,-31.1732555555558,191
1106228,-54.7998063585067,-31.1750555555559,191
1106229,-54.1141063585067,-31.1777555555558,191
1106231,-54.9525063585068,-31.1815555555559,191
1106230,-54.8575063585066,-31.1819555555558,191
1106232,-54.8817063585066,-31.1822555555559,191
1106234,-54.7351063585068,-31.1890555555559,191
1106238,-54.9251063585068,-31.1937555555559,191
1106236,-54.7948063585067,-31.1960555555559,191
1106241,-54.6396063585067,-31.1989555555559,191
1106240,-54.7464063585067,-31.1991555555558,191
1106245,-54.6955063585067,-31.2011555555558,191
1106251,-54.6246063585068,-31.2069555555559,191
1106250,-54.9107063585067,-31.2082555555559,191
1106253,-54.7900063585067,-31.2102555555559,191
1106252,-54.9710063585068,-31.2103555555559,191
1106258,-55.0137063585067,-31.2107555555559,191
1106255,-54.7976063585068,-31.2123555555558,191
1106256,-54.5655063585068,-31.2127555555559,191
1106257,-54.8639063585067,-31.2135555555559,191
1106259,-53.7687063585067,-31.2136555555559,191
1106261,-54.9372063585067,-31.2139555555559,191
1106263,-54.6621063585067,-31.2161555555559,191
1106266,-55.0126063585067,-31.2180555555559,191
1106265,-54.8858063585067,-31.2183555555558,191
1106267,-54.8766063585067,-31.2198555555559,191
1106269,-54.7406063585067,-31.2207555555559,191
1106270,-54.8279063585067,-31.2226555555559,191
1106268,-54.6190063585067,-31.2228555555558,191
1106272,-54.5770063585068,-31.2246555555558,191
1106274,-54.5090063585067,-31.2266555555559,191
1106282,-54.1298063585068,-31.2333555555559,191
1106281,-54.5734063585068,-31.2338555555559,191
1106280,-54.9436063585067,-31.2343555555559,191
1106278,-54.7111063585068,-31.2347555555558,191
1106285,-54.9232063585067,-31.2367555555558,191
1106286,-54.8214063585067,-31.2371555555559,191
1106290,-54.9034063585067,-31.2400555555558,191
1106289,-54.7464063585067,-31.2402555555559,191
1106293,-54.3779063585067,-31.2447555555559,191
1106294,-54.5129063585067,-31.2448555555559,191
1106292,-54.6867063585067,-31.2457555555558,191
1106298,-54.4970063585067,-31.2517555555558,191
1106299,-54.4705063585067,-31.2518555555559,191
1106301,-54.4822063585067,-31.2545555555558,191
1106300,-54.7495063585067,-31.2552555555558,191
1106303,-54.8410063585067,-31.2557555555558,191
1106305,-55.0804063585068,-31.2571555555559,191
1106306,-54.8259063585067,-31.2578555555559,191
1106307,-54.8614063585067,-31.2611555555559,191
1106308,-54.4370063585067,-31.2634555555558,191
1106309,-54.7984063585066,-31.2635555555559,191
1106310,-54.1190063585067,-31.2653555555559,191
1106313,-55.2159063585067,-31.2673555555559,191
1106311,-54.6672063585067,-31.2679555555558,191
1106314,-55.0722063585067,-31.2715555555559,191
1106316,-54.7552063585067,-31.2718555555559,191
1106315,-54.9602063585068,-31.2726555555559,191
1106320,-54.2660063585067,-31.2758555555559,191
1106321,-54.7207063585067,-31.2781555555558,191
1106324,-54.3066063585068,-31.2802555555559,191
1106323,-55.1034063585067,-31.2803555555559,191
1106325,-54.6536063585067,-31.2827555555559,191
1106329,-54.3369063585067,-31.2843555555557,191
1106328,-54.4758063585067,-31.2853555555559,191
1106330,-54.4429063585067,-31.2870555555559,191
1106332,-54.7147063585067,-31.2877555555559,191
1106335,-54.4819063585068,-31.2937555555559,191
1106340,-55.2446063585067,-31.2938555555558,191
1106338,-54.8578063585068,-31.2953555555559,191
1106337,-54.6926063585067,-31.2954555555559,191
1106341,-55.0184063585067,-31.2972555555559,191
1106343,-54.7324063585067,-31.2998555555559,191
1106342,-54.5024063585067,-31.3002555555559,191
1106347,-54.3886063585067,-31.3022555555559,191
1106348,-54.5508063585067,-31.3060555555559,191
1106350,-54.5306063585068,-31.3078555555558,191
1106352,-54.7856063585068,-31.3089555555559,191
1106351,-54.6060063585067,-31.3100555555559,191
1106354,-54.3206063585067,-31.3126555555559,191
1106355,-54.4261063585067,-31.3174555555559,191
1106357,-54.8250063585068,-31.3191555555559,191
1106358,-54.5053063585067,-31.3204555555559,191
1106361,-54.6309063585067,-31.3259555555559,191
1106363,-54.7945063585067,-31.3319555555559,191
1106364,-54.6865063585067,-31.3322555555559,191
1106365,-54.8782063585068,-31.3336555555559,191
1106379,-54.3976063585067,-31.3374555555559,191
1106368,-55.0924063585068,-31.3389555555559,191
1106369,-54.4831063585067,-31.3389555555559,191
1106371,-54.7822063585068,-31.3392555555559,191
1106373,-54.8402063585067,-31.3393555555559,191
1106374,-54.2657063585067,-31.3404555555559,191
1106372,-54.8674063585067,-31.3406555555559,191
1106377,-54.3108063585067,-31.3419555555559,191
1106381,-54.4671063585067,-31.3438555555559,191
1106382,-54.6117063585067,-31.3448555555559,191
1106386,-54.7471063585067,-31.3482555555559,191
1106387,-54.1561063585067,-31.3495555555559,191
1106388,-54.0735063585067,-31.3553555555559,191
1106389,-54.2804063585068,-31.3571555555559,191
1106393,-54.2159063585067,-31.3574555555558,191
1106394,-54.0016063585068,-31.3593555555559,191
1106392,-54.5766063585067,-31.3597555555558,191
1106397,-54.4486063585068,-31.3597555555558,191
1106398,-54.4102063585067,-31.3599555555558,191
1106396,-54.8005063585067,-31.3616555555559,191
1106400,-54.7861063585067,-31.3629555555559,191
1106403,-55.0585063585067,-31.3670555555559,191
1106405,-54.6975063585067,-31.3680555555559,191
1106404,-54.0370063585067,-31.3681555555558,191
1106407,-54.2498063585068,-31.3701555555558,191
1106406,-54.5301063585067,-31.3707555555558,191
1106408,-54.6610063585067,-31.3732555555558,191
1106413,-54.1636063585067,-31.3801555555559,191
1106412,-54.6739063585068,-31.3816555555558,191
1106416,-54.8554063585067,-31.3827555555559,191
1106418,-54.5700063585068,-31.3845555555559,191
1106419,-55.0942063585068,-31.3861555555558,191
1106420,-55.3656063585067,-31.3868555555559,191
1106421,-54.6606063585067,-31.3877555555559,191
1106423,-54.0601063585067,-31.3877555555559,191
1106424,-54.7367063585068,-31.3896555555558,191
1106425,-54.2286063585067,-31.3896555555558,191
1106422,-54.0406063585067,-31.3897555555559,191
1106428,-54.2767063585068,-31.3910555555559,191
1106426,-54.3865063585067,-31.3917555555559,191
1106429,-54.5526063585067,-31.3918555555558,191
1106431,-54.1685063585068,-31.3949555555558,191
1106430,-54.9521063585067,-31.3960555555559,191
1106432,-54.3193063585068,-31.3960555555559,191
1106436,-54.4598063585067,-31.3974555555558,191
1106437,-54.4717063585068,-31.3978555555559,191
1106438,-54.5040063585067,-31.3994555555558,191
1106439,-54.6137063585067,-31.3997555555559,191
1106440,-54.0293063585067,-31.4020555555559,191
1106445,-54.2019063585067,-31.4036555555558,191
1106442,-54.3395063585068,-31.4050555555558,191
1106441,-54.7310063585068,-31.4052555555559,191
1106448,-54.7759063585067,-31.4091555555559,191
1106450,-54.0521063585068,-31.4110555555559,191
1106453,-54.7549063585067,-31.4137555555559,191
1106454,-53.9909063585067,-31.4153555555558,191
1106458,-54.2464063585067,-31.4155555555559,191
1106455,-54.6672063585067,-31.4167555555559,191
1106456,-54.4710063585068,-31.4173555555558,191
121605,-54.8900063585067,-31.4185555555558,191
1106459,-54.0605063585068,-31.4188555555558,191
1106461,-53.9529063585067,-31.4199555555559,191
1106460,-54.7130063585067,-31.4209555555559,191
1106468,-54.1307063585067,-31.4210555555558,191
1106462,-54.7928063585067,-31.4227555555559,191
1106464,-54.3279063585068,-31.4230555555558,191
1106465,-54.3675063585067,-31.4235555555558,191
1106467,-54.5778063585067,-31.4251555555559,191
1106470,-55.1127063585067,-31.4275555555558,191
1106472,-54.5423063585066,-31.4289555555559,191
1106473,-54.2911063585067,-31.4312555555558,191
1106475,-54.1658063585068,-31.4330555555558,191
1106477,-54.1914063585068,-31.4376555555559,191
1106479,-54.3778063585067,-31.4404555555559,191
1106478,-53.9457063585067,-31.4416555555559,191
1106481,-54.4487063585067,-31.4425555555558,191
1106480,-55.1153063585068,-31.4427555555558,191
1106483,-54.1020063585067,-31.4435555555559,191
1106482,-54.2789063585067,-31.4439555555559,191
1106485,-53.9927063585067,-31.4471555555559,191
1106486,-54.6518063585067,-31.4475555555558,191
1106490,-54.2194063585067,-31.4497555555558,191
1106488,-54.4607063585067,-31.4498555555559,191
1106489,-54.4487063585067,-31.4502555555558,191
1106493,-54.1718063585067,-31.4532555555558,191
1106494,-54.4735063585067,-31.4547555555558,191
1106496,-54.1939063585068,-31.4571555555559,191
1106500,-54.9176063585068,-31.4613555555559,191
1106502,-54.0298063585067,-31.4645555555559,191
1106503,-54.0470063585067,-31.4650555555559,191
1106504,-55.4926063585067,-31.4689555555558,191
1106506,-54.0036063585067,-31.4689555555558,191
1106505,-54.0093063585067,-31.4694555555558,191
1106507,-55.4588063585067,-31.4721555555559,191
1106509,-54.5382063585067,-31.4725555555559,191
1106510,-54.0750063585068,-31.4736555555558,191
1106512,-53.8132063585068,-31.4786555555558,191
1106513,-54.3392063585067,-31.4791555555559,191
1106511,-54.0939063585067,-31.4792555555559,191
1106516,-54.4803063585067,-31.4795555555559,191
1106514,-54.2390063585067,-31.4795555555559,191
1106523,-54.3885063585067,-31.4829555555559,191
1106518,-55.0262063585067,-31.4833555555559,191
1106519,-53.8675063585067,-31.4838555555558,191
1106524,-53.7009063585068,-31.4852555555559,191
1106525,-53.7289063585067,-31.4880555555559,191
1106529,-54.4368063585067,-31.4944555555559,191
1106535,-54.4745063585067,-31.4977555555559,191
1106536,-54.5954063585068,-31.5006555555559,191
1106537,-54.3449063585067,-31.5007555555559,191
1106540,-54.4134063585066,-31.5037555555559,191
1106541,-53.8430063585067,-31.5068555555558,191
1106545,-54.5543063585067,-31.5113555555558,191
1106547,-54.4148063585067,-31.5161555555559,191
1106548,-54.3075063585067,-31.5179555555559,191
1106549,-54.1238063585067,-31.5186555555559,191
1106555,-54.4814063585067,-31.5214555555559,191
1106553,-54.1713063585067,-31.5219555555559,191
1106551,-54.2372063585067,-31.5233555555558,191
1106552,-54.2163063585068,-31.5233555555558,191
1106557,-54.3408063585066,-31.5236555555559,191
1106558,-53.8813063585067,-31.5238555555558,191
1106563,-54.1940063585067,-31.5324555555559,191
1106564,-55.0816063585067,-31.5348555555559,191
1106565,-54.2623063585067,-31.5352555555558,191
121609,-53.6712063585068,-31.5360555555558,191
1106567,-54.5868063585067,-31.5415555555558,191
1106571,-54.4690063585068,-31.5436555555559,191
1106570,-55.0565063585067,-31.5441555555559,191
1106573,-54.1729063585067,-31.5511555555559,191
1106574,-55.1172063585067,-31.5530555555559,191
1106575,-53.8584063585067,-31.5573555555559,191
1106576,-54.4543063585068,-31.5593555555559,191
1106578,-54.0923063585067,-31.5642555555559,191
1106582,-54.5249063585068,-31.5656555555559,191
1106580,-54.0519063585067,-31.5661555555559,191
1106581,-54.8962063585067,-31.5688555555559,191
1106584,-54.4416063585068,-31.5692555555559,191
1106585,-53.9139063585067,-31.5731555555559,191
1106588,-54.6626063585067,-31.5768555555559,191
1106590,-54.1652063585067,-31.5808555555559,191
1106589,-54.4645063585068,-31.5816555555558,191
1106593,-55.5174063585067,-31.5882555555559,191
1106594,-54.4583063585067,-31.5904555555559,191
1106596,-54.2183063585068,-31.5917555555559,191
1106597,-54.5192063585067,-31.5924555555559,191
1106598,-55.5366063585067,-31.5962555555559,191
1106602,-54.1099063585067,-31.6039555555559,191
1106604,-55.5000063585067,-31.6048555555558,191
1106603,-54.2605063585067,-31.6060555555559,191
1106605,-55.5355063585067,-31.6064555555559,191
1106606,-54.2796063585067,-31.6090555555558,191
1106607,-54.1869063585067,-31.6092555555559,191
1106608,-53.9769063585067,-31.6106555555559,191
121613,-54.3040063585067,-31.6124555555559,191
1106612,-54.0731063585067,-31.6190555555558,191
1106613,-54.3412063585067,-31.6217555555558,191
1106614,-54.1303063585067,-31.6234555555559,191
121614,-54.2480063585068,-31.6250555555558,191
1106616,-54.3130063585067,-31.6252555555559,191
1106615,-54.3807063585068,-31.6254555555559,191
1106617,-54.1258063585067,-31.6255555555558,191
1106619,-54.3649063585067,-31.6283555555559,191
1106622,-54.1819063585068,-31.6323555555559,191
1106627,-54.5897063585068,-31.6344555555557,191
1106624,-54.4933063585067,-31.6354555555559,191
121616,-54.6715063585067,-31.6374555555559,191
1106630,-54.1091063585067,-31.6415555555558,191
1106632,-53.8055063585066,-31.6444555555559,191
1106635,-54.3259063585068,-31.6448555555559,191
1106636,-54.3122063585067,-31.6457555555558,191
1106633,-53.6719063585067,-31.6458555555559,191
1106637,-54.5302063585067,-31.6473555555559,191
1106639,-54.4019063585067,-31.6496555555559,191
1106640,-54.4111063585067,-31.6517555555558,191
1106645,-53.9237063585066,-31.6563555555559,191
1106650,-54.1448063585067,-31.6581555555559,191
1106649,-55.4652063585067,-31.6587555555558,191
1106657,-55.4917063585067,-31.6687555555558,191
1106659,-54.4188063585067,-31.6698555555559,191
1106660,-54.4036063585067,-31.6707555555558,191
1106662,-54.2499063585067,-31.6723555555559,191
1106665,-54.4563063585068,-31.6765555555559,191
1106666,-54.2934063585067,-31.6784555555558,191
1106670,-54.3319063585067,-31.6822555555559,191
1106672,-54.5232063585067,-31.6830555555559,191
1106671,-54.1326063585067,-31.6831555555559,191
1106675,-54.1877063585066,-31.6877555555559,191
1106676,-54.3436063585066,-31.6891555555558,191
1106677,-54.4663063585066,-31.6915555555559,191
1106678,-54.2006063585067,-31.6919555555559,191
1106680,-53.7561063585067,-31.6952555555559,191
1106679,-54.2398063585067,-31.6955555555559,191
1106681,-54.0522063585067,-31.6988555555558,191
1106682,-54.6837063585068,-31.7014555555559,191
1106684,-54.2365063585067,-31.7029555555559,191
1106685,-53.9875063585067,-31.7037555555559,191
1106687,-54.2780063585067,-31.7041555555559,191
1106686,-54.6692063585068,-31.7049555555559,191
1106690,-53.7429063585067,-31.7068555555558,191
1106689,-54.4641063585067,-31.7069555555559,191
1106697,-53.7929063585067,-31.7069555555559,191
1106698,-52.3778063585067,-31.7092555555559,191
1106691,-53.9975063585067,-31.7102555555559,191
1106696,-53.9466063585068,-31.7121555555559,191
1106693,-54.2890063585066,-31.7127555555559,191
1106695,-54.1308063585067,-31.7129555555559,191
1106692,-54.3398063585067,-31.7146555555559,191
1106699,-54.3182063585067,-31.7147555555559,191
1106702,-55.4902063585067,-31.7215555555558,191
1106703,-54.1934063585068,-31.7231555555559,191
1106705,-54.2296063585068,-31.7256555555559,191
121623,-52.3716063585068,-31.7257555555559,191
1106704,-54.3806063585067,-31.7259555555559,191
1106707,-54.0140063585067,-31.7263555555559,191
1106708,-54.2577063585068,-31.7287555555559,191
1106712,-54.1181063585067,-31.7333555555559,191
1106710,-54.6417063585067,-31.7335555555558,191
1106713,-53.8050063585067,-31.7341555555559,191
1106715,-54.0856063585067,-31.7393555555559,191
1106716,-54.5324063585067,-31.7408555555559,191
1106717,-55.6044063585067,-31.7414555555559,191
1106718,-54.1987063585067,-31.7430555555558,191
1106719,-54.0834063585067,-31.7439555555559,191
1106723,-54.2885063585068,-31.7511555555559,191
1106726,-54.3444063585067,-31.7567555555559,191
1106731,-54.4507063585067,-31.7642555555558,191
1106732,-53.7417063585067,-31.7650555555559,191
1106735,-54.1362063585067,-31.7688555555559,191
1106738,-54.0517063585067,-31.7701555555559,191
1106737,-54.0205063585067,-31.7708555555559,191
1106740,-53.9938063585067,-31.7751555555558,191
1106741,-54.3026063585068,-31.7765555555559,191
1106743,-52.4257063585068,-31.7790555555559,191
1106744,-53.8307063585067,-31.7795555555559,191
121626,-52.3849063585067,-31.7855555555559,191
1106750,-54.0171063585067,-31.7900555555559,191
1106751,-54.3799063585067,-31.7929555555559,191
1106753,-55.5529063585067,-31.7963555555558,191
1106757,-53.7938063585067,-31.7985555555559,191
1106755,-54.5769063585067,-31.7988555555558,191
1106759,-52.4787063585067,-31.8000555555559,191
1106761,-52.4554063585068,-31.8050555555559,191
1106764,-54.4794063585068,-31.8091555555559,191
1106767,-54.5758063585067,-31.8097555555559,191
1106771,-54.4119063585067,-31.8105555555558,191
1106768,-52.4994063585067,-31.8107555555559,191
1106770,-52.5860063585067,-31.8130555555558,191
1106773,-54.5453063585068,-31.8143555555558,191
1106779,-52.6277063585068,-31.8174555555559,191
1106775,-52.7640063585067,-31.8175555555558,191
1106780,-52.5591063585067,-31.8211555555559,191
1106778,-54.0146063585067,-31.8218555555558,191
1106776,-54.5604063585067,-31.8223555555559,191
121627,-52.5118063585068,-31.8257555555558,191
1106785,-54.5464063585067,-31.8301555555559,191
1106782,-52.7341063585067,-31.8303555555559,191
1106788,-54.0980063585067,-31.8310555555558,191
1106794,-54.6935063585067,-31.8420555555559,191
1106800,-53.9937063585068,-31.8471555555559,191
1106797,-52.4521063585067,-31.8472555555558,191
1106798,-54.9524063585067,-31.8473555555559,191
1106803,-54.4888063585067,-31.8498555555559,191
1106805,-54.6612063585067,-31.8532555555558,191
1106806,-54.8075063585067,-31.8566555555559,191
1106809,-52.5720063585067,-31.8603555555559,191
1106810,-54.4055063585067,-31.8618555555559,191
121634,-52.5907063585067,-31.8811555555558,191
1106825,-55.3375063585067,-31.8886555555558,191
1106823,-52.6238063585067,-31.8886555555558,191
1106832,-55.6331063585067,-31.8961555555558,191
121635,-52.5479063585067,-31.8965555555559,191
1106830,-55.5866063585067,-31.8996555555559,191
1106829,-52.7143063585067,-31.8996555555559,191
1106831,-52.7327063585066,-31.9001555555558,191
1106828,-52.4315063585067,-31.9027555555559,191
1106835,-52.7626063585067,-31.9042555555559,191
1106839,-54.4288063585067,-31.9065555555558,191
1106842,-54.4407063585067,-31.9115555555558,191
1106843,-53.8796063585067,-31.9125555555559,191
1106846,-53.8270063585067,-31.9185555555558,191
1106850,-55.4222063585067,-31.9198555555558,191
1106853,-53.4428063585067,-31.9203555555558,191
1106851,-54.6232063585067,-31.9216555555559,191
1106857,-54.2709063585067,-31.9238555555559,191
1106854,-54.4682063585067,-31.9247555555558,191
1106858,-52.8111063585067,-31.9250555555558,191
1106855,-54.8502063585067,-31.9260555555558,191
1106861,-53.8025063585067,-31.9338555555559,191
1106863,-55.4141063585067,-31.9378555555559,191
1106864,-55.5241063585067,-31.9390555555559,191
1106867,-54.7138063585068,-31.9433555555559,191
1106870,-54.4117063585066,-31.9474555555559,191
121638,-52.7324063585068,-31.9475555555559,191
1106869,-55.5760063585067,-31.9484555555558,191
1106866,-55.2364063585067,-31.9516555555559,191
1106871,-55.4044063585067,-31.9524555555558,191
1106873,-53.8929063585068,-31.9530555555559,191
1106872,-54.1097063585067,-31.9551555555559,191
1106874,-52.6179063585067,-31.9558555555559,191
121637,-54.4469063585067,-31.9566555555558,191
1106876,-53.7682063585067,-31.9569555555558,191
121529,-50.4074322048609,-30.5199888888891,191
1105506,-50.5688322048608,-30.5211888888891,191
10455,-50.6304322048608,-30.5248888888891,191
121530,-51.3865322048608,-30.5261888888891,191
1105514,-50.5654322048608,-30.529788888889,191
1105524,-50.4224322048609,-30.543288888889,191
1105530,-50.6386322048609,-30.5456888888891,191
1105542,-50.6361322048608,-30.5523888888891,191
1105541,-51.4027322048608,-30.5533888888891,191
1105553,-50.4382322048608,-30.5567888888891,191
1105550,-51.3977322048607,-30.559988888889,191
121533,-51.3492322048609,-30.5669888888891,191
1105578,-51.4801322048609,-30.581688888889,191
1105606,-51.3327322048608,-30.6104888888891,191
121538,-51.3194322048608,-30.6109888888891,191
1105616,-51.5109322048609,-30.617088888889,191
1105632,-50.4707322048608,-30.6349888888891,191
1105645,-51.5100322048608,-30.646088888889,191
1105652,-51.5878322048608,-30.6515888888891,191
121541,-50.4897322048608,-30.6593888888891,191
1105655,-51.4475322048609,-30.668488888889,191
1105664,-51.5086322048609,-30.673988888889,191
1105667,-51.5788322048608,-30.6793888888891,191
1105670,-51.5873322048608,-30.679688888889,191
1105677,-51.4333322048608,-30.6883888888891,191
1105684,-51.5083322048608,-30.690588888889,191
1105689,-51.7355322048609,-30.6949888888891,191
121543,-50.5113322048608,-30.6964888888891,191
1105696,-51.5458322048609,-30.7012888888891,191
1105701,-51.5166322048609,-30.7062888888891,191
1105703,-51.5036322048608,-30.709588888889,191
1105714,-51.5004322048608,-30.7154888888891,191
1105724,-51.5228322048608,-30.7289888888891,191
121547,-50.5491322048608,-30.7391888888891,191
1105732,-50.5768322048608,-30.7481888888891,191
1105737,-51.4844322048609,-30.748288888889,191
1105738,-50.5562322048608,-30.7506888888891,191
1105747,-51.5956322048609,-30.7557888888891,191
1105749,-51.5603322048608,-30.758688888889,191
1105753,-51.4955322048608,-30.760988888889,191
1105760,-51.5215322048608,-30.7645888888891,191
1105767,-51.4902322048608,-30.7708888888891,191
1105776,-51.5615322048607,-30.778188888889,191
1105782,-51.5065322048608,-30.7819888888891,191
121549,-50.6009322048608,-30.7975888888891,191
1105797,-51.7203322048608,-30.801088888889,191
1105798,-50.6295322048608,-30.8021888888891,191
1105811,-51.6332322048609,-30.8059888888891,191
1105815,-51.6122322048608,-30.806788888889,191
1105816,-51.5374322048608,-30.807388888889,191
1105825,-51.6230322048609,-30.8156888888891,191
121553,-51.8520322048608,-30.818288888889,191
1105831,-51.6026322048607,-30.823588888889,191
121552,-50.6231322048608,-30.8280888888891,191
1105843,-51.6853322048608,-30.8303888888891,191
1105840,-51.5976322048608,-30.8305888888891,191
1105842,-51.6035322048608,-30.8324888888891,191
1105847,-51.6202322048608,-30.8326888888891,191
1105854,-50.7760322048608,-30.8396888888891,191
1105859,-51.5646322048608,-30.8409888888891,191
1105864,-51.6358322048607,-30.8463888888891,191
121560,-51.4065322048608,-30.850488888889,191
1105866,-51.7183322048609,-30.850788888889,191
1105873,-51.6563322048608,-30.8515888888891,191
1105871,-51.6462322048608,-30.852688888889,191
1105868,-51.6228322048609,-30.8527888888891,191
1105870,-51.7131322048608,-30.855488888889,191
1105880,-51.6324322048608,-30.8628888888891,191
1105883,-50.6293322048608,-30.8632888888891,191
1105888,-51.6462322048608,-30.8657888888891,191
1105890,-51.6308322048608,-30.8682888888891,191
1105899,-51.6105322048608,-30.8697888888891,191
1105896,-51.7254322048608,-30.870488888889,191
1105895,-51.8605322048608,-30.8705888888891,191
121562,-50.6457322048608,-30.8707888888891,191
1105898,-51.6439322048608,-30.870988888889,191
121564,-50.7843322048608,-30.8730888888891,191
1105912,-51.9130322048608,-30.882488888889,191
1105923,-51.8639322048608,-30.8911888888891,191
1105919,-50.6755322048608,-30.8921888888891,191
1105938,-51.5575322048608,-30.9016888888891,191
121566,-51.5482322048608,-30.9022888888891,191
1105939,-51.8911322048609,-30.9032888888891,191
1105941,-51.8459322048608,-30.9051888888891,191
1105945,-51.5558322048608,-30.9121888888891,191
1105964,-51.7680322048608,-30.923588888889,191
1105968,-52.0394322048608,-30.9283888888891,191
1105970,-50.9265322048608,-30.9308888888891,191
1105971,-51.9332322048608,-30.9309888888891,191
121570,-50.8226322048608,-30.932088888889,191
121571,-50.7037322048607,-30.9403888888891,191
1106001,-51.5922322048609,-30.949488888889,191
1106017,-50.8957322048608,-30.964388888889,191
1106022,-51.9602322048609,-30.969388888889,191
1106041,-52.0114322048608,-30.979888888889,191
1106043,-51.8941322048609,-30.984088888889,191
121577,-50.7650322048609,-31.003088888889,191
1106069,-51.7245322048609,-31.0138888888891,191
1106074,-51.8294322048608,-31.0290888888891,191
1106075,-50.7797322048609,-31.0298888888891,191
1106083,-51.9996322048609,-31.0385888888891,191
121578,-51.4949322048608,-31.0455888888891,191
1106103,-52.0684322048609,-31.0600888888891,191
1106105,-51.9775322048608,-31.061488888889,191
1106126,-50.8171322048609,-31.070488888889,191
1106118,-52.0288322048609,-31.0742888888891,191
121581,-51.6414322048608,-31.0767888888891,191
121582,-51.4678322048608,-31.0827888888891,191
1106132,-50.8632322048608,-31.0847888888891,191
1106131,-50.8261322048609,-31.0860888888891,191
10460,-50.9867322048609,-31.093888888889,191
121583,-50.9432322048608,-31.096088888889,191
121585,-52.0078322048608,-31.102388888889,191
1106155,-51.1326322048607,-31.104788888889,191
121586,-51.1546322048608,-31.1158888888891,191
1106187,-51.1298322048609,-31.127788888889,191
1106197,-51.0038322048608,-31.143488888889,191
1106196,-52.0055322048609,-31.1438888888891,191
121590,-51.1292322048608,-31.1503888888891,191
1106205,-52.0634322048609,-31.151488888889,191
1106213,-51.8496322048608,-31.154488888889,191
1106216,-51.9697322048609,-31.1575888888891,191
121589,-51.0205322048608,-31.1590888888891,191
1106227,-51.8962322048608,-31.1687888888891,191
1106222,-52.0073322048609,-31.1712888888891,191
121596,-51.0312322048608,-31.186188888889,191
1106235,-51.1533322048608,-31.1934888888891,191
1106239,-51.8586322048608,-31.1946888888891,191
1106242,-51.9323322048608,-31.2006888888891,191
1106246,-51.1530322048608,-31.2036888888891,191
1106248,-51.9241322048608,-31.207288888889,191
1106249,-51.9095322048609,-31.2076888888891,191
1106262,-51.8701322048609,-31.210388888889,191
1106260,-51.8867322048608,-31.214288888889,191
121598,-50.9346322048609,-31.2174888888891,191
121599,-50.9582322048608,-31.243288888889,191
1106297,-51.9220322048608,-31.2502888888891,191
1106296,-51.9833322048609,-31.2506888888891,191
121600,-50.9767322048609,-31.264688888889,191
1106312,-51.9636322048609,-31.2679888888891,191
1106326,-51.9738322048608,-31.2829888888891,191
1106333,-51.0059322048609,-31.2896888888891,191
1106334,-51.9611322048608,-31.2922888888889,191
1106336,-52.0152322048608,-31.2944888888891,191
1106344,-51.0162322048608,-31.2951888888891,191
1106339,-52.0261322048608,-31.2958888888891,191
1106345,-51.8478322048608,-31.3084888888891,191
1106356,-51.0463322048608,-31.3178888888891,191
121603,-51.0448322048607,-31.3330888888891,191
1106391,-51.0548322048609,-31.3543888888891,191
1106402,-52.0209322048608,-31.3638888888891,191
1106433,-52.1338322048608,-31.3898888888891,191
1106446,-52.0155322048608,-31.4059888888889,191
1106451,-52.0502322048608,-31.411288888889,191
1106471,-52.0244322048608,-31.427788888889,191
1106491,-52.1050322048608,-31.4480888888891,191
1106498,-52.1566322048608,-31.4585888888891,191
1106538,-52.2294322048608,-31.499288888889,191
1106566,-52.0353322048608,-31.536188888889,191
121607,-52.2006322048608,-31.5367888888891,191
121608,-52.1790322048608,-31.5378888888891,191
121610,-51.3904322048609,-31.5482888888891,191
1106583,-52.2969322048609,-31.5732888888891,191
1106591,-52.2507322048608,-31.5784888888891,191
1106592,-51.3011322048608,-31.579388888889,191
121612,-52.1881322048608,-31.603588888889,191
1106599,-51.4399322048608,-31.6146888888891,191
121615,-52.1689322048608,-31.6229888888891,191
1106620,-52.2901322048608,-31.6276888888891,191
1106625,-52.3519322048609,-31.6352888888891,191
121617,-51.4607322048608,-31.641188888889,191
1106623,-51.5369322048608,-31.6438888888891,191
1106641,-52.2179322048608,-31.6471888888891,191
1106646,-52.2150322048608,-31.656388888889,191
1106669,-52.2522322048608,-31.6808888888891,191
1106683,-52.2579322048608,-31.701088888889,191
1106734,-51.5608322048608,-31.7634888888891,191
1106791,-51.9902322048608,-31.840488888889,191
1106807,-51.7581322048608,-31.8561888888891,191
1106816,-51.7856322048609,-31.8669888888891,191
1106820,-52.0342322048608,-31.8726888888891,191
1106819,-51.7930322048608,-31.872888888889,191
121633,-52.3299322048608,-31.880588888889,191
1106837,-52.2486322048608,-31.9043888888891,191
1106848,-51.8937322048608,-31.918988888889,191
1101973,-50.0361087999133,-28.0756777777779,191
1101986,-52.3275087999133,-28.0932777777779,191
121200,-52.2060087999133,-28.3382777777778,191
1102286,-50.5966087999134,-28.3642777777778,191
1102322,-50.9069087999134,-28.4042777777778,191
1102364,-50.9440087999133,-28.4488777777778,191
1102385,-50.9116087999133,-28.4666777777778,191
1102410,-50.7111087999133,-28.4959777777779,191
1102516,-49.4488087999133,-28.5917777777778,191
1102632,-50.1247087999134,-28.7158777777778,191
1102730,-49.1860087999133,-28.7879777777778,191
121256,-49.2160087999134,-28.7929777777778,191
1102760,-49.2258087999134,-28.8120777777779,191
1102780,-49.2451087999133,-28.8231777777778,191
121263,-49.2712087999133,-28.8397777777778,191
121268,-49.2963087999133,-28.8555777777778,191
121273,-49.3182087999134,-28.8760777777778,191
1102876,-49.3230087999133,-28.8979777777778,191
1102919,-49.3620087999134,-28.9311777777778,191
1102932,-52.1177087999134,-28.9379777777779,191
1102939,-49.3857087999133,-28.9416777777778,191
1102952,-50.0530087999133,-28.9467777777779,191
1102954,-49.4249087999133,-28.9565777777778,191
1102962,-52.1570087999133,-28.9567777777779,191
121304,-49.5426087999133,-29.0377777777778,191
1103118,-49.5913087999133,-29.0774777777779,191
1103124,-49.8681087999133,-29.0835777777778,191
121309,-51.0526087999133,-29.0876777777779,191
1103139,-49.8858087999134,-29.0951777777778,191
1103155,-51.1614087999134,-29.1115777777778,191
1103186,-49.6076087999132,-29.1398777777778,191
1103189,-51.1689087999133,-29.1424777777779,191
1103213,-49.6198087999134,-29.1552777777778,191
10423,-49.6942087999133,-29.1661777777778,191
1103238,-51.2665087999134,-29.1864777777778,191
1103256,-51.3241087999133,-29.2034777777778,191
1103276,-51.4324087999132,-29.2274777777778,191
121340,-50.5534087999134,-29.2990777777778,191
1103339,-49.8851087999134,-29.3124777777778,191
121346,-50.6047087999133,-29.3262777777778,191
121347,-49.8107087999134,-29.3294777777779,191
121343,-50.6361087999134,-29.3335777777779,191
1103455,-49.8966087999133,-29.4323777777778,191
1103468,-50.5967087999134,-29.4425777777778,191
962,-49.9877087999133,-29.5724777777779,191
1103709,-50.0336087999133,-29.6237777777778,191
1103758,-50.3423087999133,-29.6491777777778,191
963,-50.0712087999133,-29.6929777777778,191
1103852,-52.1824087999133,-29.6993777777778,191
1103894,-50.1627087999133,-29.7201777777778,191
1103887,-52.1599087999133,-29.7203777777778,191
1103927,-52.0505087999134,-29.7377777777779,191
1103937,-52.0654087999133,-29.7412777777777,191
1103939,-52.0966087999133,-29.7433777777778,191
121403,-52.0573087999134,-29.7496777777778,191
1103958,-52.0718087999132,-29.7497777777779,191
1103963,-51.3338087999134,-29.7526777777778,191
121404,-50.1461087999133,-29.7596777777778,191
1104020,-50.1697087999133,-29.7849777777778,191
1104024,-52.1422087999133,-29.7856777777778,191
1104029,-51.7591087999133,-29.7888777777778,191
1104035,-52.1157087999133,-29.7907777777778,191
1104040,-52.0759087999133,-29.7930777777779,191
1104051,-52.0653087999133,-29.7946777777778,191
1104052,-51.8481087999133,-29.7956777777778,191
1104062,-52.0370087999133,-29.8014777777778,191
1104075,-51.4116087999133,-29.8069777777778,191
1104098,-52.0602087999134,-29.8148777777778,191
10436,-50.2165087999134,-29.8183777777778,191
1104142,-50.1224087999133,-29.8390777777778,191
1104148,-50.4944087999133,-29.8425777777778,191
1104154,-52.2502087999133,-29.8464777777779,191
1104155,-51.3710087999133,-29.8468777777778,191
121421,-50.1638087999133,-29.8494777777778,191
1104182,-50.6818087999134,-29.8528777777778,191
121424,-50.1068087999133,-29.8572777777778,191
121422,-50.1389087999133,-29.8576777777778,191
1104190,-50.6428087999133,-29.8579777777778,191
1104192,-50.6284087999134,-29.8587777777778,191
1104195,-50.5130087999132,-29.8628777777778,191
1104214,-50.6026087999133,-29.8630777777778,191
1104204,-50.6435087999133,-29.8649777777778,191
121426,-50.1808087999133,-29.8665777777778,191
121425,-50.2013087999134,-29.8676777777778,191
1104212,-51.4761087999133,-29.8682777777778,191
1104213,-50.6521087999134,-29.8689777777778,191
1104228,-50.5899087999133,-29.8728777777778,191
121427,-50.2413087999133,-29.8747777777778,191
1104238,-51.9487087999133,-29.8785777777778,191
1104246,-50.2530087999133,-29.8869777777778,191
121430,-50.1783087999133,-29.9017777777779,191
1104305,-50.1395087999132,-29.9032777777778,191
1104289,-50.6473087999133,-29.9050777777777,191
1104303,-50.2051087999133,-29.9064777777778,191
1104309,-50.2235087999134,-29.9083777777778,191
1104304,-51.9489087999133,-29.9088777777778,191
1104301,-50.1923087999133,-29.9098777777779,191
1104319,-50.2334087999134,-29.9130777777779,191
1104332,-51.9398087999134,-29.9188777777778,191
1104346,-52.1220087999133,-29.9243777777778,191
1104358,-52.0380087999133,-29.9254777777778,191
1104348,-51.9882087999134,-29.9268777777778,191
1104356,-51.9512087999133,-29.9288777777778,191
1104349,-50.7617087999133,-29.9294777777778,191
10441,-50.3723087999134,-29.9355777777778,191
1104388,-51.3939087999133,-29.9386777777779,191
1104395,-52.1214087999134,-29.9388777777778,191
1104392,-50.5487087999132,-29.9404777777779,191
1104398,-51.9204087999132,-29.9415777777778,191
1104396,-50.5393087999133,-29.9423777777778,191
1104415,-51.5809087999133,-29.9455777777778,191
1104417,-51.9242087999133,-29.9464777777778,191
1104423,-51.9728087999134,-29.9469777777778,191
1104419,-50.8089087999134,-29.9472777777777,191
1104412,-50.6308087999133,-29.9472777777777,191
1104420,-50.5743087999134,-29.9477777777778,191
1104422,-52.0502087999133,-29.9479777777779,191
1104421,-52.3175087999133,-29.9498777777778,191
1104425,-51.9538087999134,-29.9502777777778,191
121440,-52.0802087999134,-29.9506777777779,191
1104433,-51.5266087999133,-29.9531777777779,191
1104445,-52.0159087999133,-29.9546777777778,191
1104442,-51.4960087999132,-29.9572777777778,191
1104446,-50.5073087999133,-29.9572777777778,191
1104449,-51.0784087999133,-29.9591777777778,191
1104458,-50.1879087999133,-29.9616777777778,191
1104474,-50.2331087999133,-29.9674777777778,191
1104473,-52.1061087999133,-29.9677777777778,191
1104471,-52.2678087999134,-29.9695777777778,191
1104475,-50.2177087999133,-29.9711777777778,191
1104481,-51.6188087999133,-29.9740777777778,191
1104494,-51.9380087999133,-29.9755777777779,191
10440,-50.1506087999134,-29.9763777777778,191
1104489,-50.9036087999133,-29.9769777777778,191
1104528,-52.2425087999134,-29.9782777777778,191
121447,-51.7121087999133,-29.9855777777778,191
1104515,-51.6572087999133,-29.9868777777779,191
1104511,-51.8951087999133,-29.9879777777778,191
1104531,-52.1365087999133,-29.9937777777778,191
1104536,-50.5556087999133,-29.9946777777778,191
1104537,-52.0034087999134,-29.9964777777778,191
1104543,-52.0194087999134,-29.9972777777779,191
121445,-50.3155087999133,-29.9974777777778,191
1104538,-51.9734087999133,-29.9982777777778,191
1104544,-51.6336087999134,-29.9984777777778,191
1104555,-50.9166087999133,-30.0044777777778,191
121449,-51.5602087999133,-30.0061777777778,191
1104568,-51.6311087999134,-30.0097777777779,191
1104570,-52.0366087999133,-30.0105777777778,191
1104575,-50.8926087999133,-30.0109777777778,191
121453,-50.1924087999133,-30.0119777777778,191
1104588,-51.6408087999134,-30.0136777777778,191
1104579,-50.2232087999133,-30.0172777777778,191
1104589,-51.4962087999133,-30.0179777777778,191
1104594,-51.9400087999134,-30.0195777777778,191
1104593,-50.7839087999133,-30.0205777777778,191
1104616,-51.7661087999133,-30.0274777777778,191
1104615,-52.2133087999134,-30.0279777777778,191
1104614,-52.3227087999133,-30.0281777777778,191
1104634,-51.7446087999134,-30.0337777777779,191
1104654,-51.7353087999134,-30.0402777777778,191
1104668,-51.8036087999133,-30.0441777777779,191
1104674,-51.5105087999133,-30.0468777777778,191
1104672,-51.7084087999133,-30.0473777777779,191
1104695,-50.2503087999133,-30.0540777777778,191
1104690,-51.8824087999133,-30.0541777777779,191
1104698,-50.2283087999133,-30.0561777777779,191
1104703,-50.3402087999132,-30.0562777777778,191
121460,-50.2056087999133,-30.0582777777778,191
1104704,-50.2417087999132,-30.0589777777778,191
1104720,-51.5249087999134,-30.0620777777778,191
1104732,-52.0516087999134,-30.0708777777779,191
1104741,-52.0172087999132,-30.0752777777778,191
1104738,-51.4663087999133,-30.0756777777779,191
1104744,-52.0722087999134,-30.0761777777777,191
1104759,-51.4917087999133,-30.0788777777778,191
1104764,-51.4766087999134,-30.0809777777778,191
121464,-50.8619087999133,-30.0812777777778,191
1104768,-51.9819087999134,-30.0846777777779,191
1104776,-51.1095087999133,-30.0876777777778,191
1104777,-52.0822087999134,-30.0902777777778,191
1104783,-50.4268087999133,-30.0904777777778,191
121469,-51.4472087999133,-30.0908777777778,191
1104794,-52.1151087999133,-30.0946777777778,191
1104812,-50.5288087999133,-30.0972777777778,191
121472,-50.2196087999133,-30.0975777777777,191
1104803,-51.7900087999134,-30.0978777777779,191
1104813,-52.1765087999132,-30.1015777777778,191
1104809,-50.3587087999133,-30.1021777777778,191
1104830,-51.6467087999133,-30.1071777777778,191
1104851,-52.2663087999134,-30.1156777777778,191
1104849,-51.9481087999134,-30.1164777777778,191
1104865,-50.4276087999133,-30.1208777777778,191
1104870,-52.1061087999133,-30.1243777777778,191
1104879,-50.3679087999134,-30.1305777777778,191
1104895,-52.2161087999133,-30.1367777777779,191
1104900,-50.2576087999133,-30.1371777777778,191
10447,-50.2290087999132,-30.1398777777778,191
1104917,-50.2647087999133,-30.1489777777779,191
1104933,-50.3581087999133,-30.1538777777778,191
1104949,-52.2359087999134,-30.1596777777779,191
1104955,-51.4106087999133,-30.1629777777778,191
1104972,-52.1764087999134,-30.1714777777778,191
1104998,-52.2247087999133,-30.1815777777778,191
1105008,-50.4512087999133,-30.1835777777778,191
1105016,-52.1302087999133,-30.1887777777778,191
1105015,-52.2170087999133,-30.1908777777778,191
1105057,-52.2101087999134,-30.2077777777778,191
10448,-50.2557087999133,-30.2190777777778,191
10450,-50.5551087999133,-30.2214777777779,191
1105105,-50.2678087999133,-30.2286777777778,191
121487,-50.6786087999134,-30.2322777777778,191
121491,-50.2628087999133,-30.2483777777778,191
1105153,-51.3889087999133,-30.2524777777778,191
1105168,-51.4025087999133,-30.2631777777779,191
121492,-50.2746087999134,-30.2638777777779,191
1105195,-51.3950087999133,-30.2805777777779,191
1105210,-50.4630087999133,-30.2960777777778,191
1105208,-51.4003087999133,-30.2973777777777,191
121501,-50.4013087999134,-30.3095777777779,191
121498,-50.2914087999133,-30.3149777777778,191
1105236,-50.3982087999133,-30.3192777777779,191
1105247,-50.3021087999133,-30.3206777777779,191
1105256,-50.4672087999133,-30.3274777777779,191
1105262,-50.3056087999133,-30.3305777777778,191
1105275,-50.4893087999134,-30.3375777777778,191
121503,-50.3885087999133,-30.3392777777778,191
1105294,-50.3584087999134,-30.3538777777778,191
10452,-50.3266087999133,-30.3575777777778,191
1105301,-50.6932087999134,-30.3614777777778,191
10453,-50.9731087999132,-30.3743777777779,191
1105347,-51.4396087999133,-30.3885777777779,191
121510,-50.3387087999134,-30.3951777777778,191
1105369,-51.4130087999134,-30.3990777777778,191
1105376,-50.9564087999133,-30.4075777777778,191
121512,-50.3499087999134,-30.4087777777779,191
1105381,-51.3722087999133,-30.4123777777778,191
1105398,-51.4149087999133,-30.4222777777778,191
1105399,-50.3620087999133,-30.4234777777779,191
1105404,-50.4803087999134,-30.4249777777778,191
121516,-50.3622087999133,-30.4470777777778,191
1105428,-51.3832087999133,-30.4487777777778,191
1105442,-51.4427087999133,-30.4599777777778,191
121521,-51.3398087999133,-30.4776777777778,191
1105453,-50.3867087999133,-30.4792777777778,191
1105487,-50.6402087999132,-30.5020777777779,191
1105490,-51.3580087999134,-30.5047777777779,191
1105492,-51.4457087999133,-30.5081777777778,191
1101885,-48.6453670274518,-27.9975777777779,191
121158,-48.6373670274519,-28.0611777777779,191
1102351,-48.9307670274519,-28.4371777777779,191
121211,-48.8846670274519,-28.5003777777779,191
121223,-48.8223670274519,-28.5623777777779,191
1102480,-48.8526670274519,-28.5630777777779,191
1102479,-48.859367027452,-28.5634777777778,191
121224,-48.9214670274519,-28.5661777777779,191
121226,-49.029667027452,-28.5717777777779,191
1102493,-48.8495670274519,-28.5718777777778,191
10417,-48.9077670274519,-28.6023777777779,191
1102559,-48.937367027452,-28.6319777777779,191
1102578,-48.9858670274519,-28.6601777777778,191
1102608,-49.0277670274519,-28.6815777777779,191
1102622,-49.0742670274518,-28.7025777777779,191
1101863,-58.9225583984376,-27.9784999999997,191
1101862,-59.3459583984376,-27.9814999999996,191
1101868,-58.9567583984376,-27.9845999999997,191
1101866,-59.1403583984376,-27.9859999999996,191
1101870,-58.9627583984376,-27.9871999999995,191
1101880,-59.0637583984376,-27.9895999999997,191
1101879,-59.1080583984375,-27.9905999999996,191
121147,-58.9468583984376,-27.9909999999996,191
1101877,-59.0293583984376,-27.9911999999997,191
1101878,-58.9766583984375,-27.9913999999997,191
1101875,-58.9210583984375,-27.9917999999996,191
1101882,-58.9825583984376,-27.9966999999996,191
1101890,-59.0781583984376,-28.0035999999997,191
121152,-59.0554583984375,-28.0072999999996,191
1101900,-59.0778583984376,-28.0133999999996,191
121157,-59.1265583984376,-28.0218999999996,191
1101913,-59.1013583984376,-28.0246999999996,191
1101919,-59.1399583984376,-28.0319999999996,191
1101920,-58.9933583984376,-28.0320999999996,191
1101922,-58.9619583984376,-28.0372999999995,191
1101926,-59.0987583984376,-28.0374999999996,191
1101934,-59.1139583984376,-28.0434999999997,191
1101930,-58.9896583984377,-28.0445999999995,191
1101938,-59.7851583984375,-28.0481999999997,191
1101931,-59.0097583984376,-28.0529999999997,191
1101941,-58.9473583984376,-28.0563999999996,191
1101942,-58.9287583984375,-28.0571999999996,191
1101946,-59.0327583984376,-28.0572999999997,191
1101958,-59.0572583984376,-28.0605999999996,191
1101950,-58.9413583984376,-28.0632999999996,191
1101957,-59.1469583984376,-28.0657999999996,191
1101953,-59.0132583984376,-28.0661999999996,191
121160,-59.0709583984375,-28.0675999999996,191
1101952,-59.1153583984375,-28.0681999999996,191
1101962,-58.9957583984376,-28.0681999999996,191
1101963,-59.0571583984377,-28.0714999999996,191
1101967,-58.9468583984376,-28.0721999999995,191
1101964,-58.9928583984376,-28.0723999999996,191
1101979,-59.0434583984376,-28.0800999999996,191
1101969,-59.0000583984376,-28.0800999999996,191
1101984,-59.0242583984376,-28.0816999999996,191
1101996,-59.1131583984376,-28.0830999999997,191
1101982,-59.0648583984377,-28.0868999999996,191
1101994,-59.0914583984376,-28.0880999999997,191
1101987,-58.9621583984376,-28.0883999999996,191
1101993,-59.1303583984376,-28.0891999999997,191
1101998,-59.0284583984376,-28.0892999999996,191
1101995,-58.9768583984376,-28.0900999999997,191
121163,-58.9329583984376,-28.0915999999996,191
1102004,-59.0850583984376,-28.0921999999997,191
1102001,-59.0149583984376,-28.0925999999997,191
1102006,-59.0033583984375,-28.0939999999996,191
1102014,-59.0303583984376,-28.1006999999996,191
1102019,-59.0205583984375,-28.1037999999996,191
1102024,-59.1399583984376,-28.1077999999997,191
1102025,-58.9926583984375,-28.1091999999996,191
1102028,-58.9428583984376,-28.1099999999996,191
1102027,-59.1492583984376,-28.1101999999996,191
1102034,-58.9634583984376,-28.1143999999995,191
1102037,-59.0346583984376,-28.1152999999996,191
1102042,-59.0880583984376,-28.1197999999997,191
1102044,-59.0557583984375,-28.1200999999996,191
1102046,-59.1597583984376,-28.1218999999996,191
1102054,-59.1851583984375,-28.1308999999996,191
1102050,-59.1600583984376,-28.1316999999996,191
1102053,-59.1749583984376,-28.1336999999996,191
1102062,-59.1234583984376,-28.1375999999996,191
1102066,-59.1577583984376,-28.1463999999996,191
1102072,-59.1166583984376,-28.1468999999996,191
1102081,-59.1101583984376,-28.1590999999996,191
1102088,-59.1561583984376,-28.1622999999996,191
1102084,-59.0054583984376,-28.1622999999996,191
1102097,-59.1651583984375,-28.1697999999996,191
1102101,-59.0057583984376,-28.1773999999996,191
1102103,-59.1392583984376,-28.1782999999996,191
1102104,-59.1554583984376,-28.1790999999996,191
1102116,-58.9953583984376,-28.1954999999996,191
1102113,-59.1545583984376,-28.1956999999996,191
1102118,-59.4469583984376,-28.1969999999996,191
1102117,-59.1234583984376,-28.1969999999996,191
121177,-59.1700583984376,-28.2002999999996,191
1102125,-58.9842583984376,-28.2022999999996,191
1102119,-59.1176583984376,-28.2033999999996,191
121176,-59.1886583984376,-28.2037999999997,191
1102133,-58.9549583984375,-28.2181999999996,191
1102144,-59.1904583984376,-28.2212999999996,191
1102146,-59.0119583984376,-28.2219999999996,191
1102150,-58.9380583984375,-28.2285999999996,191
1102160,-59.1900583984376,-28.2325999999995,191
1102166,-59.1748583984376,-28.2335999999996,191
1102161,-59.1485583984376,-28.2337999999996,191
1102165,-59.0204583984377,-28.2339999999996,191
121179,-59.1648583984376,-28.2343999999996,191
121180,-59.2148583984376,-28.2363999999996,191
1102167,-59.0064583984376,-28.2369999999996,191
1102163,-59.1432583984375,-28.2370999999995,191
1102175,-59.0249583984376,-28.2412999999996,191
1102171,-58.9501583984376,-28.2462999999996,191
1102172,-59.1760583984376,-28.2494999999997,191
1102179,-59.1683583984376,-28.2557999999996,191
1102182,-59.1879583984376,-28.2570999999996,191
1102180,-59.1548583984376,-28.2579999999996,191
1102185,-59.1977583984376,-28.2586999999996,191
1102188,-59.0576583984376,-28.2599999999996,191
1102189,-59.1929583984376,-28.2644999999997,191
1102192,-59.0092583984376,-28.2703999999997,191
1102198,-59.7295583984376,-28.2712999999996,191
1102199,-59.1414583984376,-28.2714999999997,191
1102205,-59.1358583984376,-28.2759999999996,191
1102200,-59.1707583984376,-28.2761999999996,191
1102206,-58.9693583984376,-28.2765999999996,191
1102212,-59.0512583984377,-28.2787999999996,191
1102214,-59.1269583984376,-28.2870999999997,191
121191,-59.7304583984376,-28.2871999999995,191
1102218,-59.0450583984376,-28.2884999999996,191
1102220,-59.0255583984376,-28.2894999999996,191
1102219,-59.1660583984376,-28.2898999999996,191
1102224,-59.1629583984375,-28.2950999999996,191
1102225,-59.0701583984376,-28.2997999999997,191
1102227,-59.1712583984376,-28.3010999999996,191
1102244,-59.0479583984376,-28.3015999999997,191
1102236,-59.0517583984375,-28.3045999999997,191
1102237,-59.1631583984376,-28.3081999999996,191
1102234,-59.1238583984376,-28.3123999999996,191
1102247,-59.2310583984375,-28.3183999999996,191
1102252,-59.1300583984377,-28.3252999999996,191
1102251,-59.4443583984376,-28.3274999999996,191
1102254,-59.1965583984376,-28.3289999999997,191
1102255,-59.1351583984376,-28.3312999999997,191
1102257,-59.1230583984375,-28.3317999999996,191
1102258,-59.2473583984376,-28.3338999999996,191
1102269,-59.7218583984376,-28.3393999999996,191
1102266,-59.1307583984375,-28.3409999999997,191
1102271,-59.1732583984376,-28.3467999999996,191
1102275,-59.1427583984376,-28.3504999999997,191
1102280,-59.1750583984376,-28.3529999999996,191
1102283,-59.8841583984376,-28.3543999999997,191
1102284,-59.2125583984376,-28.3553999999996,191
1102288,-59.1198583984375,-28.3709999999996,191
1102290,-59.1676583984377,-28.3722999999996,191
1102294,-59.0383583984376,-28.3733999999997,191
1102295,-59.8821583984376,-28.3734999999996,191
1102289,-59.2035583984376,-28.3765999999997,191
1102298,-59.1703583984376,-28.3772999999996,191
1102293,-59.1503583984376,-28.3773999999996,191
1102302,-59.0941583984376,-28.3809999999996,191
1102305,-59.1639583984376,-28.3828999999997,191
1102301,-59.1207583984375,-28.3837999999996,191
1102309,-59.1572583984376,-28.3879999999996,191
1102310,-58.9186583984376,-28.3894999999996,191
1102314,-59.1990583984376,-28.3920999999996,191
1102319,-59.0948583984375,-28.3983999999996,191
1102316,-59.5783583984375,-28.3984999999996,191
1102323,-59.7019583984376,-28.4000999999996,191
1102324,-59.2296583984376,-28.4019999999996,191
1102320,-59.1781583984375,-28.4035999999996,191
1102321,-59.2143583984376,-28.4057999999997,191
1102326,-59.1178583984376,-28.4064999999996,191
1102331,-59.1273583984376,-28.4083999999996,191
1102336,-58.9207583984376,-28.4191999999996,191
1102337,-59.0966583984376,-28.4193999999996,191
1102338,-59.2365583984376,-28.4202999999997,191
1102340,-59.1009583984376,-28.4218999999996,191
1102339,-59.1422583984375,-28.4233999999996,191
1102341,-58.9101583984376,-28.4248999999996,191
1102343,-59.1216583984376,-28.4269999999996,191
1102350,-59.7075583984376,-28.4271999999996,191
1102345,-59.2179583984376,-28.4297999999997,191
1102348,-58.9283583984376,-28.4346999999996,191
1102349,-59.1042583984377,-28.4366999999996,191
1102355,-59.1243583984376,-28.4404999999996,191
1102356,-59.1692583984376,-28.4412999999996,191
1102354,-59.2035583984376,-28.4418999999996,191
1102357,-58.9340583984376,-28.4431999999996,191
1102360,-58.9496583984376,-28.4458999999996,191
1102361,-59.2166583984376,-28.4469999999997,191
1102358,-59.1550583984376,-28.4469999999997,191
1102365,-59.1465583984376,-28.4506999999996,191
1102373,-59.1160583984376,-28.4543999999996,191
1102374,-58.9575583984376,-28.4545999999996,191
1102372,-59.2160583984376,-28.4550999999996,191
1102379,-58.9165583984376,-28.4554999999995,191
1102378,-58.9298583984376,-28.4568999999996,191
1102377,-59.2227583984376,-28.4570999999996,191
1102382,-58.9492583984376,-28.4620999999996,191
1102383,-58.9754583984376,-28.4662999999996,191
1102384,-59.1793583984376,-28.4669999999996,191
121210,-59.7110583984376,-28.4785999999996,191
1102397,-59.1986583984375,-28.4824999999996,191
1102404,-58.9765583984376,-28.4842999999996,191
1102407,-58.9665583984376,-28.4951999999996,191
1102411,-59.2636583984375,-28.4973999999996,191
1102428,-59.7205583984376,-28.5014999999996,191
1102421,-58.9897583984376,-28.5073999999996,191
1102442,-59.2248583984376,-28.5103999999997,191
1102436,-58.9706583984376,-28.5133999999996,191
1102429,-59.2508583984376,-28.5145999999995,191
1102430,-59.2751583984376,-28.5156999999996,191
1102434,-59.0040583984376,-28.5162999999997,191
1102437,-58.9395583984376,-28.5186999999996,191
1102443,-59.2049583984376,-28.5187999999997,191
1102438,-59.1798583984375,-28.5196999999996,191
1102433,-59.0230583984375,-28.5199999999996,191
1102440,-59.2691583984376,-28.5221999999996,191
1102447,-59.2114583984376,-28.5229999999996,191
1102451,-59.0348583984376,-28.5314999999997,191
1102454,-59.1138583984376,-28.5354999999996,191
121222,-59.2818583984376,-28.5370999999996,191
1102457,-58.9989583984376,-28.5377999999997,191
1102455,-59.2264583984376,-28.5378999999996,191
1102456,-58.9902583984376,-28.5379999999997,191
1102458,-59.0224583984376,-28.5396999999996,191
1102450,-59.2109583984376,-28.5419999999996,191
1102463,-58.9956583984376,-28.5470999999996,191
1102467,-59.0352583984376,-28.5488999999996,191
1102465,-59.1447583984375,-28.5499999999996,191
1102473,-59.1741583984376,-28.5517999999996,191
1102472,-59.2334583984376,-28.5527999999996,191
1102474,-59.0232583984376,-28.5537999999996,191
1102475,-58.9906583984376,-28.5539999999995,191
1102476,-59.2263583984376,-28.5569999999996,191
121225,-59.2986583984376,-28.5660999999996,191
1102482,-59.0349583984377,-28.5671999999996,191
1102487,-59.2229583984376,-28.5674999999995,191
1102484,-59.0213583984375,-28.5675999999996,191
1102485,-59.2442583984375,-28.5681999999996,191
1102491,-59.1415583984376,-28.5749999999996,191
1102494,-59.1689583984376,-28.5758999999996,191
1102496,-59.1478583984376,-28.5772999999996,191
1102500,-59.2074583984376,-28.5793999999996,191
1102501,-59.1978583984375,-28.5796999999997,191
1102512,-59.1787583984376,-28.5808999999996,191
1102508,-59.2952583984376,-28.5860999999996,191
1102507,-59.1481583984376,-28.5873999999997,191
1102521,-59.1668583984376,-28.5943999999997,191
1102518,-59.1406583984376,-28.5947999999996,191
1102523,-59.1781583984375,-28.5949999999996,191
1102524,-59.3031583984376,-28.5955999999996,191
1102527,-59.2813583984376,-28.5956999999996,191
1102522,-59.1895583984376,-28.5963999999996,191
1102531,-59.1475583984376,-28.6030999999996,191
1102528,-59.2510583984376,-28.6048999999996,191
1102529,-59.1366583984376,-28.6063999999997,191
1102538,-59.2256583984376,-28.6112999999996,191
1102541,-59.7944583984376,-28.6115999999996,191
1102539,-59.0930583984376,-28.6135999999996,191
1102547,-59.1900583984376,-28.6163999999996,191
1102543,-59.2051583984376,-28.6197999999997,191
1102551,-59.2464583984377,-28.6237999999995,191
1102555,-59.1668583984376,-28.6268999999996,191
1102562,-59.1186583984376,-28.6331999999996,191
1102561,-59.2864583984376,-28.6373999999996,191
1102564,-59.2271583984376,-28.6396999999997,191
1102565,-59.1477583984375,-28.6405999999996,191
1102575,-58.9199583984376,-28.6518999999996,191
1102574,-59.1233583984376,-28.6553999999996,191
1102581,-59.3372583984375,-28.6594999999996,191
1102577,-59.2704583984375,-28.6597999999996,191
121237,-59.7860583984375,-28.6630999999996,191
1102582,-59.1605583984376,-28.6638999999996,191
1102589,-59.1739583984375,-28.6640999999996,191
1102590,-59.1071583984376,-28.6641999999997,191
1102594,-59.2616583984376,-28.6663999999996,191
1102588,-59.1874583984376,-28.6670999999996,191
1102593,-59.1302583984375,-28.6679999999997,191
1102591,-59.3169583984376,-28.6696999999996,191
1102596,-59.1915583984376,-28.6739999999996,191
1102595,-59.2294583984376,-28.6768999999996,191
1102597,-59.1727583984376,-28.6773999999996,191
1102598,-59.7661583984375,-28.6790999999997,191
1102604,-59.2273583984376,-28.6827999999996,191
1102602,-59.1154583984376,-28.6839999999996,191
1102609,-59.1631583984376,-28.6883999999997,191
1102613,-59.1529583984375,-28.6910999999997,191
1102612,-58.9426583984376,-28.6917999999997,191
1102611,-59.3049583984376,-28.6930999999996,191
1102615,-59.1902583984376,-28.6964999999996,191
1102616,-59.2377583984376,-28.6971999999996,191
1102628,-59.2192583984375,-28.6997999999996,191
1102623,-59.2836583984375,-28.7005999999997,191
1102624,-59.3420583984376,-28.7020999999996,191
1102627,-59.3396583984376,-28.7128999999996,191
1102641,-59.1454583984377,-28.7170999999996,191
1102634,-58.9401583984376,-28.7177999999997,191
1102633,-59.2899583984376,-28.7181999999996,191
1102653,-59.2054583984376,-28.7193999999996,191
1102635,-59.2315583984376,-28.7198999999996,191
1102640,-59.7803583984376,-28.7213999999996,191
1102638,-59.7933583984375,-28.7226999999996,191
1102658,-59.7863583984376,-28.7333999999996,191
1102656,-59.2397583984375,-28.7341999999996,191
1102659,-59.2028583984376,-28.7356999999996,191
1102661,-59.2897583984376,-28.7375999999996,191
1102674,-59.2840583984377,-28.7472999999996,191
1102671,-59.2477583984376,-28.7482999999996,191
1102672,-59.2185583984376,-28.7486999999996,191
1102673,-59.2914583984376,-28.7496999999996,191
1102681,-59.2340583984376,-28.7514999999996,191
1102683,-59.8049583984376,-28.7538999999996,191
1102693,-59.3395583984376,-28.7549999999997,191
1102691,-59.2902583984376,-28.7608999999997,191
1102695,-59.7969583984376,-28.7634999999996,191
1102692,-59.3699583984376,-28.7636999999996,191
1102708,-59.3133583984376,-28.7705999999997,191
1102710,-59.1678583984376,-28.7729999999996,191
1102714,-59.3800583984377,-28.7737999999996,191
1102718,-59.3187583984376,-28.7784999999996,191
1102728,-59.0040583984376,-28.7816999999997,191
1102723,-59.3772583984376,-28.7822999999996,191
1102724,-59.3233583984376,-28.7834999999996,191
1102727,-58.9913583984376,-28.7845999999996,191
1102731,-59.2418583984376,-28.7897999999996,191
1102735,-59.1048583984376,-28.7898999999996,191
1102729,-59.0297583984375,-28.7902999999997,191
1102743,-59.3920583984375,-28.7918999999997,191
1102736,-59.2188583984376,-28.7926999999996,191
1102744,-59.2320583984376,-28.7932999999996,191
1102741,-59.2835583984376,-28.7948999999995,191
1102738,-59.2770583984376,-28.7956999999996,191
1102747,-59.2243583984376,-28.7978999999996,191
1102748,-59.0883583984375,-28.7993999999995,191
1102745,-59.3772583984376,-28.8006999999996,191
1102752,-59.3886583984375,-28.8042999999996,191
1102759,-59.3018583984376,-28.8086999999996,191
121257,-59.4277583984375,-28.8107999999996,191
1102770,-59.3782583984376,-28.8129999999996,191
1102767,-59.0215583984375,-28.8137999999996,191
1102766,-59.3244583984376,-28.8144999999996,191
1102771,-59.2585583984376,-28.8187999999997,191
1102777,-59.1570583984376,-28.8200999999996,191
1102776,-59.0318583984376,-28.8208999999996,191
1102791,-59.2799583984376,-28.8221999999996,191
1102779,-59.7545583984376,-28.8224999999996,191
1102784,-59.3903583984375,-28.8230999999996,191
1102786,-59.2583583984376,-28.8259999999996,191
1102792,-59.3250583984375,-28.8288999999996,191
1102799,-59.3527583984376,-28.8303999999996,191
1102803,-59.2059583984376,-28.8370999999996,191
1102798,-59.4601583984375,-28.8380999999996,191
1102807,-59.3881583984376,-28.8385999999996,191
1102806,-59.3960583984376,-28.8394999999996,191
1102808,-59.2655583984376,-28.8398999999996,191
1102812,-59.0610583984376,-28.8415999999996,191
1102813,-59.7585583984376,-28.8425999999996,191
1102811,-59.2038583984375,-28.8431999999996,191
1102817,-59.4569583984376,-28.8519999999996,191
1102831,-58.9255583984375,-28.8577999999996,191
1102830,-59.2733583984376,-28.8595999999996,191
1102840,-59.2489583984375,-28.8611999999997,191
1102832,-59.3659583984376,-28.8614999999996,191
1102835,-59.4220583984376,-28.8630999999996,191
1102839,-59.4018583984375,-28.8680999999996,191
1102846,-59.1919583984376,-28.8742999999996,191
1102856,-59.3485583984376,-28.8784999999996,191
1102853,-59.4534583984376,-28.8794999999996,191
1102859,-59.3218583984376,-28.8822999999996,191
1102864,-59.4124583984376,-28.8909999999996,191
1102869,-59.3850583984376,-28.8928999999997,191
1102872,-59.3343583984376,-28.8944999999996,191
1102866,-59.7943583984376,-28.8957999999997,191
1102882,-59.3169583984376,-28.9008999999996,191
1102880,-59.4344583984376,-28.9021999999996,191
1102889,-59.3385583984376,-28.9061999999996,191
1102896,-59.7945583984376,-28.9062999999996,191
1102886,-59.2011583984376,-28.9067999999996,191
1102893,-59.2758583984376,-28.9078999999996,191
1102892,-59.7752583984376,-28.9082999999997,191
1102904,-59.2824583984376,-28.9152999999997,191
1102899,-59.2724583984375,-28.9164999999996,191
1102917,-59.4207583984375,-28.9232999999996,191
1102921,-59.7495583984376,-28.9313999999996,191
1102930,-59.2562583984376,-28.9365999999996,191
1102936,-59.4137583984376,-28.9383999999996,191
1102929,-59.3888583984375,-28.9408999999997,191
1102941,-59.2148583984376,-28.9421999999996,191
1102950,-59.2405583984376,-28.9449999999997,191
1102935,-59.3381583984376,-28.9470999999996,191
121280,-58.9212583984376,-28.9537999999996,191
1102966,-59.2414583984375,-28.9568999999996,191
1102957,-59.3005583984375,-28.9589999999997,191
1102982,-59.3796583984375,-28.9629999999996,191
1102976,-58.9345583984376,-28.9680999999997,191
1102988,-59.3989583984376,-28.9685999999996,191
1102983,-59.2880583984376,-28.9688999999996,191
1102984,-59.3211583984376,-28.9704999999996,191
1102985,-59.2785583984376,-28.9719999999996,191
1102973,-59.4302583984376,-28.9728999999996,191
1102994,-58.9334583984376,-28.9769999999996,191
1102996,-59.1246583984376,-28.9777999999996,191
1102992,-59.4129583984376,-28.9788999999996,191
1103000,-59.4269583984375,-28.9793999999997,191
1103003,-58.9496583984376,-28.9866999999996,191
1103012,-59.2880583984376,-28.9871999999996,191
1103006,-59.3500583984376,-28.9874999999996,191
121283,-58.9131583984376,-28.9896999999996,191
1103015,-59.4312583984376,-28.9913999999997,191
1103018,-59.3156583984376,-28.9935999999995,191
1103020,-59.2395583984376,-28.9950999999996,191
1103026,-58.9705583984376,-28.9964999999996,191
1103022,-58.9874583984376,-28.9988999999996,191
1103025,-59.1502583984375,-29.0007999999996,191
1103028,-59.2497583984376,-29.0024999999997,191
1103023,-58.9518583984376,-29.0028999999996,191
1103029,-59.3062583984376,-29.0040999999997,191
1103041,-59.3314583984376,-29.0072999999996,191
1103035,-59.3810583984376,-29.0107999999996,191
121294,-58.9321583984376,-29.0117999999997,191
1103038,-58.9624583984375,-29.0119999999997,191
1103042,-59.3970583984375,-29.0127999999996,191
1103043,-59.2525583984376,-29.0133999999996,191
1103044,-58.9780583984376,-29.0148999999996,191
121299,-59.4593583984376,-29.0150999999996,191
1103047,-59.3440583984376,-29.0171999999996,191
1103049,-59.3542583984376,-29.0180999999997,191
1103024,-59.4362583984376,-29.0215999999996,191
1103053,-59.3899583984376,-29.0242999999996,191
1103057,-59.2486583984376,-29.0275999999996,191
1103059,-58.9651583984376,-29.0277999999996,191
1103060,-59.4150583984376,-29.0280999999996,191
1103067,-59.2387583984377,-29.0331999999996,191
1103077,-59.3166583984376,-29.0439999999996,191
121301,-58.9172583984376,-29.0451999999996,191
1103075,-59.3808583984376,-29.0465999999996,191
1103086,-59.2552583984375,-29.0517999999996,191
1103080,-59.4231583984376,-29.0545999999997,191
1103088,-59.3639583984375,-29.0547999999996,191
1103091,-59.2771583984376,-29.0553999999996,191
1103092,-59.3597583984376,-29.0589999999996,191
1103105,-59.0238583984376,-29.0630999999996,191
1103103,-59.4346583984376,-29.0632999999996,191
1103117,-59.3847583984376,-29.0633999999997,191
1103097,-59.4186583984376,-29.0653999999996,191
1103112,-58.9962583984376,-29.0686999999996,191
1103114,-59.4713583984376,-29.0727999999996,191
1103113,-59.4350583984375,-29.0736999999996,191
1103115,-59.4473583984376,-29.0781999999996,191
1103121,-59.3995583984376,-29.0798999999996,191
1103122,-58.9971583984375,-29.0807999999996,191
1103120,-59.3561583984376,-29.0808999999996,191
1103127,-59.3864583984376,-29.0809999999996,191
1103116,-59.0726583984376,-29.0824999999996,191
1103119,-59.0639583984376,-29.0827999999996,191
1103125,-59.4310583984376,-29.0846999999996,191
1103126,-59.4394583984376,-29.0848999999997,191
1103128,-59.0064583984376,-29.0864999999996,191
1103130,-59.3740583984376,-29.0867999999996,191
1103131,-59.3324583984376,-29.0881999999996,191
1103132,-59.3627583984376,-29.0893999999996,191
1103135,-59.0600583984376,-29.0906999999996,191
1103138,-59.0431583984376,-29.0927999999997,191
1103133,-59.0244583984376,-29.0931999999996,191
1103136,-59.4842583984376,-29.0933999999996,191
1103137,-59.0646583984376,-29.0955999999996,191
1103149,-59.0203583984376,-29.1042999999996,191
1103152,-59.4791583984376,-29.1077999999997,191
1103156,-59.3728583984376,-29.1082999999996,191
1103146,-59.0572583984376,-29.1082999999996,191
1103153,-59.4859583984376,-29.1099999999996,191
1103159,-59.4608583984376,-29.1101999999996,191
1103154,-58.9220583984375,-29.1126999999996,191
1103160,-59.2769583984376,-29.1132999999996,191
1103162,-59.0587583984376,-29.1164999999996,191
1103178,-59.2803583984376,-29.1238999999996,191
1103173,-59.4821583984375,-29.1263999999996,191
121315,-58.9513583984376,-29.1264999999996,191
1103176,-59.3159583984376,-29.1271999999996,191
1103174,-59.2735583984376,-29.1271999999996,191
1103183,-59.0390583984376,-29.1305999999996,191
1103181,-59.4755583984376,-29.1316999999996,191
1103188,-59.4330583984376,-29.1418999999996,191
1103195,-59.0525583984376,-29.1424999999996,191
1103190,-58.9193583984376,-29.1425999999996,191
1103194,-58.9600583984376,-29.1428999999997,191
121321,-59.1201583984376,-29.1459999999996,191
1103199,-59.0389583984376,-29.1463999999996,191
1103197,-59.3429583984376,-29.1473999999997,191
1103201,-59.4391583984376,-29.1481999999996,191
1103198,-59.4293583984376,-29.1482999999996,191
1103200,-59.1279583984376,-29.1514999999997,191
1103210,-59.1216583984376,-29.1578999999996,191
1103211,-59.4038583984375,-29.1585999999996,191
1103227,-59.1414583984376,-29.1599999999996,191
1103212,-59.0577583984376,-29.1604999999996,191
1103217,-59.5092583984376,-29.1615999999996,191
1103218,-58.9561583984377,-29.1620999999997,191
1103222,-59.1235583984375,-29.1712999999996,191
1103224,-59.5369583984375,-29.1716999999996,191
1103234,-59.5372583984375,-29.1832999999996,191
1103236,-59.5423583984376,-29.1843999999995,191
1103237,-59.3292583984375,-29.1858999999997,191
1103239,-59.4938583984376,-29.1892999999997,191
1103240,-59.0487583984375,-29.1901999999996,191
1103242,-58.9174583984376,-29.1901999999996,191
1103244,-59.1145583984375,-29.1909999999996,191
1103243,-59.0073583984376,-29.1920999999996,191
1103248,-59.5031583984376,-29.1934999999996,191
1103249,-59.1364583984376,-29.1935999999997,191
1103246,-58.9841583984376,-29.1941999999996,191
1103245,-59.4890583984376,-29.1947999999996,191
1103250,-59.5667583984376,-29.1956999999996,191
1103253,-59.1360583984376,-29.1994999999997,191
1103258,-59.4630583984376,-29.1998999999996,191
1103263,-59.1029583984376,-29.2060999999997,191
1103262,-59.1800583984376,-29.2102999999995,191
1103260,-59.5669583984376,-29.2104999999996,191
1103265,-59.1301583984376,-29.2120999999996,191
1103268,-59.1980583984376,-29.2173999999996,191
1103271,-59.5730583984376,-29.2184999999997,191
1103270,-59.5114583984376,-29.2191999999997,191
1103274,-59.5041583984376,-29.2250999999996,191
1103278,-59.0823583984376,-29.2272999999996,191
1103281,-59.1329583984376,-29.2333999999996,191
1103294,-58.9402583984375,-29.2519999999996,191
1103293,-59.4655583984376,-29.2537999999996,191
1103292,-59.5300583984376,-29.2539999999996,191
1103297,-58.9139583984376,-29.2541999999995,191
1103296,-59.6029583984376,-29.2563999999996,191
121334,-59.3777583984376,-29.2603999999997,191
1103303,-59.4511583984375,-29.2630999999997,191
1103302,-59.0551583984376,-29.2636999999996,191
1103308,-59.6144583984376,-29.2658999999996,191
1103309,-59.1623583984376,-29.2709999999996,191
1103311,-59.0368583984376,-29.2743999999996,191
1103313,-58.9863583984376,-29.2761999999996,191
1103321,-59.3913583984375,-29.2778999999996,191
1103310,-59.6427583984375,-29.2779999999996,191
1103315,-59.1607583984376,-29.2779999999996,191
1103320,-59.4941583984375,-29.2796999999996,191
1103318,-59.1859583984376,-29.2833999999996,191
1103319,-59.3683583984376,-29.2835999999996,191
1103322,-59.6351583984376,-29.2865999999996,191
1103324,-59.6221583984376,-29.2923999999996,191
1103328,-58.9895583984376,-29.2929999999996,191
1103330,-59.4088583984376,-29.2959999999997,191
1103329,-59.5748583984376,-29.2994999999996,191
1103334,-59.2105583984376,-29.2999999999996,191
1103337,-59.4631583984375,-29.3009999999996,191
1103341,-59.4090583984377,-29.3071999999996,191
1103344,-59.4185583984377,-29.3086999999996,191
1103343,-59.3845583984376,-29.3090999999997,191
1103345,-59.5467583984376,-29.3108999999996,191
1103348,-59.4128583984375,-29.3124999999997,191
1103347,-59.4823583984375,-29.3136999999996,191
1103352,-59.4711583984376,-29.3198999999996,191
1103353,-59.5965583984377,-29.3244999999997,191
1103354,-59.5681583984376,-29.3269999999997,191
1103359,-59.3968583984376,-29.3273999999996,191
1103355,-59.5643583984376,-29.3286999999996,191
1103356,-58.9823583984376,-29.3288999999996,191
1103360,-59.4855583984376,-29.3329999999995,191
1103361,-59.5901583984376,-29.3334999999996,191
1103365,-59.1374583984376,-29.3346999999997,191
1103362,-59.0750583984376,-29.3351999999996,191
1103366,-59.0123583984375,-29.3376999999996,191
1103367,-58.9721583984375,-29.3387999999996,191
1103375,-59.5571583984377,-29.3393999999996,191
1103370,-59.3902583984376,-29.3409999999997,191
1103364,-59.2474583984376,-29.3409999999997,191
1103372,-59.6202583984375,-29.3438999999996,191
1103374,-59.2692583984376,-29.3438999999996,191
1103373,-59.4265583984376,-29.3442999999996,191
1103379,-59.0813583984375,-29.3494999999996,191
1103387,-59.4670583984376,-29.3600999999996,191
1103386,-59.5931583984376,-29.3602999999996,191
1103388,-59.0978583984376,-29.3602999999996,191
1103389,-59.2533583984376,-29.3613999999997,191
1103391,-59.1170583984375,-29.3622999999996,191
1103383,-59.1429583984375,-29.3638999999997,191
1103392,-59.1209583984376,-29.3643999999996,191
1103393,-59.1097583984376,-29.3660999999996,191
1103398,-59.0121583984376,-29.3708999999997,191
1103399,-59.1568583984376,-29.3718999999996,191
1103397,-59.6557583984376,-29.3724999999996,191
1103404,-59.1240583984376,-29.3768999999995,191
1103405,-59.1537583984376,-29.3773999999996,191
1103406,-59.0303583984376,-29.3784999999996,191
1103409,-59.1338583984376,-29.3871999999996,191
1103411,-59.6557583984376,-29.3886999999996,191
1103414,-59.5274583984376,-29.3906999999996,191
1103416,-59.1394583984376,-29.3907999999996,191
1103417,-59.2551583984376,-29.3932999999996,191
1103419,-59.1747583984376,-29.3944999999997,191
1103424,-59.7089583984376,-29.3950999999996,191
1103421,-59.6862583984376,-29.3950999999996,191
121351,-59.4534583984376,-29.3958999999996,191
1103420,-58.9119583984376,-29.3960999999996,191
1103423,-59.1436583984377,-29.4020999999996,191
1103426,-59.6291583984377,-29.4039999999997,191
1103427,-59.0082583984376,-29.4098999999996,191
1103429,-59.2583583984376,-29.4115999999996,191
1103435,-59.4500583984376,-29.4124999999996,191
1103431,-59.6524583984375,-29.4132999999997,191
1103432,-58.9314583984376,-29.4153999999996,191
1103443,-59.4974583984376,-29.4181999999996,191
1103436,-59.5872583984376,-29.4192999999996,191
1103437,-59.1120583984376,-29.4194999999996,191
1103438,-59.6919583984376,-29.4197999999997,191
1103444,-59.5369583984375,-29.4212999999996,191
1103439,-59.4419583984376,-29.4216999999996,191
1103449,-58.9331583984376,-29.4293999999996,191
1103454,-59.5497583984376,-29.4296999999996,191
1103452,-59.4619583984376,-29.4333999999997,191
1103457,-59.6410583984376,-29.4347999999996,191
121354,-59.4157583984376,-29.4354999999996,191
1103461,-59.4565583984376,-29.4389999999996,191
1103483,-59.6123583984376,-29.4432999999996,191
1103470,-58.9961583984376,-29.4432999999996,191
1103467,-59.7080583984375,-29.4450999999996,191
1103478,-59.4144583984376,-29.4476999999997,191
1103476,-59.5399583984376,-29.4477999999996,191
1103477,-59.4892583984376,-29.4497999999996,191
1103479,-59.6287583984376,-29.4504999999996,191
1103482,-59.4422583984376,-29.4511999999995,191
1103484,-59.4576583984376,-29.4555999999997,191
1103487,-59.4043583984376,-29.4613999999996,191
1103494,-59.4869583984376,-29.4634999999996,191
1103489,-59.4369583984376,-29.4647999999996,191
1103493,-59.4289583984376,-29.4663999999995,191
1103490,-59.4141583984376,-29.4665999999996,191
1103492,-59.6106583984376,-29.4676999999996,191
1103508,-59.5398583984376,-29.4819999999996,191
1103509,-59.6620583984376,-29.4848999999996,191
1103510,-59.4880583984376,-29.4855999999996,191
1103520,-59.4727583984376,-29.4876999999996,191
1103517,-59.6191583984376,-29.4918999999996,191
1103519,-59.5203583984376,-29.4931999999996,191
1103527,-59.6731583984375,-29.5011999999996,191
1103528,-59.4940583984376,-29.5025999999996,191
1103525,-59.1169583984376,-29.5032999999996,191
1103530,-59.2714583984376,-29.5059999999996,191
1103531,-59.4521583984376,-29.5076999999997,191
1103533,-59.6791583984376,-29.5087999999996,191
1103535,-59.0934583984376,-29.5091999999996,191
1103543,-59.4868583984375,-29.5092999999997,191
1103552,-59.4698583984376,-29.5121999999997,191
1103536,-59.4602583984376,-29.5128999999996,191
1103541,-59.4553583984376,-29.5134999999996,191
1103544,-59.1280583984375,-29.5167999999996,191
1103553,-59.4354583984376,-29.5179999999996,191
1103556,-59.5264583984376,-29.5183999999996,191
1103549,-59.1554583984376,-29.5186999999996,191
1103547,-59.6417583984376,-29.5187999999997,191
1103570,-59.4645583984376,-29.5226999999996,191
1103562,-59.4485583984376,-29.5234999999996,191
1103567,-59.0188583984375,-29.5277999999996,191
1103566,-59.4871583984375,-29.5282999999995,191
1103575,-59.4801583984377,-29.5297999999996,191
1103571,-59.2513583984376,-29.5305999999996,191
1103577,-59.2374583984376,-29.5323999999997,191
1103576,-59.5790583984376,-29.5325999999996,191
1103592,-59.4507583984376,-29.5332999999996,191
1103580,-59.5023583984375,-29.5367999999996,191
1103609,-59.4632583984376,-29.5376999999996,191
1103604,-59.5488583984376,-29.5380999999996,191
1103591,-59.4948583984375,-29.5380999999996,191
1103603,-59.7017583984376,-29.5385999999996,191
1103597,-59.1498583984376,-29.5398999999996,191
1103596,-59.2621583984376,-29.5404999999996,191
1103608,-59.6919583984376,-29.5430999999996,191
1103614,-59.6379583984375,-29.5534999999996,191
1103622,-59.1052583984376,-29.5620999999996,191
121375,-59.4980583984375,-29.5653999999996,191
121373,-59.4673583984376,-29.5694999999996,191
1103632,-59.1835583984376,-29.5707999999996,191
1103641,-59.5229583984376,-29.5799999999996,191
1103638,-59.7021583984376,-29.5815999999996,191
1103643,-59.4984583984376,-29.5844999999997,191
121372,-59.5125583984375,-29.5885999999996,191
121377,-59.5469583984375,-29.5933999999996,191
1103650,-59.4986583984376,-29.5957999999997,191
1103652,-59.6821583984375,-29.5971999999996,191
1103649,-59.5082583984376,-29.5971999999996,191
1103654,-59.6859583984376,-29.5982999999997,191
1103662,-59.2028583984376,-29.5993999999996,191
1103672,-59.7375583984376,-29.5996999999996,191
1103661,-59.5304583984376,-29.5999999999996,191
1103665,-59.2729583984375,-29.6008999999996,191
121378,-59.5175583984375,-29.6015999999996,191
1103658,-59.5032583984377,-29.6048999999996,191
1103670,-59.4953583984376,-29.6048999999996,191
1103678,-59.4790583984376,-29.6075999999996,191
1103677,-59.6789583984376,-29.6084999999997,191
1103688,-59.6325583984376,-29.6093999999996,191
121382,-59.5335583984375,-29.6093999999996,191
1103685,-59.1903583984376,-29.6111999999997,191
1103683,-59.5240583984375,-29.6115999999996,191
1103687,-59.7532583984376,-29.6122999999997,191
1103690,-59.1735583984376,-29.6135999999996,191
1103698,-59.6494583984376,-29.6151999999996,191
1103697,-59.7115583984375,-29.6184999999996,191
1103696,-59.5109583984377,-29.6195999999996,191
1103701,-59.5058583984376,-29.6229999999996,191
1103714,-59.4976583984376,-29.6232999999996,191
1103708,-59.4696583984376,-29.6234999999996,191
1103717,-59.3267583984375,-29.6293999999996,191
1103724,-59.7513583984376,-29.6347999999996,191
1103721,-59.5299583984375,-29.6348999999996,191
1103732,-59.6552583984376,-29.6389999999997,191
1103765,-59.7638583984376,-29.6416999999996,191
1103747,-59.7224583984377,-29.6432999999996,191
1103745,-59.6614583984376,-29.6433999999996,191
1103756,-59.2532583984375,-29.6445999999996,191
1103760,-59.7436583984376,-29.6458999999996,191
1103755,-59.6789583984376,-29.6459999999996,191
1103750,-59.5249583984376,-29.6462999999996,191
1103759,-59.7691583984375,-29.6513999999996,191
1103769,-59.6844583984376,-29.6531999999996,191
1103773,-59.5188583984376,-29.6533999999996,191
1103774,-59.2095583984375,-29.6536999999996,191
1103777,-59.2613583984376,-29.6560999999996,191
1103785,-59.6186583984376,-29.6592999999996,191
1103794,-59.7145583984375,-29.6614999999996,191
1103781,-59.5207583984376,-29.6617999999996,191
1103787,-59.7422583984376,-29.6634999999996,191
121393,-59.5098583984376,-29.6642999999996,191
1103793,-59.5252583984376,-29.6645999999996,191
1103797,-59.5407583984376,-29.6649999999996,191
1103805,-59.7682583984376,-29.6679999999996,191
1103801,-59.4731583984375,-29.6685999999996,191
1103802,-59.6993583984375,-29.6710999999996,191
1103807,-59.5195583984377,-29.6727999999997,191
1103814,-59.7366583984376,-29.6761999999996,191
1103816,-59.0930583984376,-29.6771999999996,191
1103818,-59.7127583984376,-29.6788999999997,191
1103827,-59.6972583984376,-29.6848999999996,191
1103830,-59.5179583984376,-29.6890999999997,191
1103833,-59.7575583984376,-29.6913999999996,191
1103840,-59.7255583984376,-29.6920999999995,191
1103821,-59.5010583984376,-29.6935999999997,191
1103850,-59.5289583984376,-29.7003999999996,191
1103855,-59.5129583984376,-29.7020999999996,191
1103858,-59.5127583984377,-29.7060999999996,191
1103861,-59.8624583984376,-29.7066999999996,191
1103863,-59.5275583984376,-29.7073999999996,191
1103879,-59.6977583984376,-29.7127999999996,191
1103877,-59.5263583984376,-29.7128999999996,191
1103882,-59.5396583984376,-29.7137999999997,191
1103872,-59.5623583984376,-29.7138999999996,191
1103886,-59.0610583984376,-29.7152999999996,191
1103881,-59.7414583984375,-29.7177999999996,191
1103897,-59.7247583984376,-29.7191999999997,191
1103883,-59.5211583984376,-29.7205999999996,191
1103892,-59.6715583984376,-29.7218999999996,191
1103902,-59.5131583984376,-29.7229999999996,191
1103906,-59.7770583984376,-29.7240999999996,191
121400,-59.5487583984375,-29.7244999999996,191
1103908,-59.0772583984376,-29.7282999999996,191
1103914,-59.7207583984375,-29.7285999999996,191
1103920,-59.7542583984376,-29.7322999999996,191
1103936,-59.5275583984376,-29.7355999999996,191
1103932,-59.5156583984376,-29.7360999999996,191
1103930,-59.7228583984376,-29.7385999999996,191
1103945,-59.7450583984376,-29.7436999999996,191
1103926,-59.6966583984376,-29.7443999999996,191
1103931,-59.5331583984376,-29.7466999999995,191
1103942,-59.1579583984376,-29.7470999999996,191
1103948,-59.7632583984376,-29.7483999999997,191
1103954,-59.5067583984376,-29.7488999999997,191
1103962,-59.0601583984376,-29.7535999999997,191
121406,-59.4983583984376,-29.7545999999996,191
1103959,-59.0861583984376,-29.7546999999996,191
1103952,-59.7334583984376,-29.7554999999996,191
1103967,-59.6935583984376,-29.7568999999996,191
1103966,-59.5206583984376,-29.7578999999997,191
1103983,-59.5422583984376,-29.7594999999996,191
1103971,-59.5946583984376,-29.7607999999996,191
1103976,-59.0623583984376,-29.7644999999996,191
1103982,-59.6955583984376,-29.7669999999996,191
1103981,-59.0531583984376,-29.7682999999996,191
1103978,-59.5833583984376,-29.7688999999996,191
1103989,-59.4997583984376,-29.7697999999996,191
121407,-59.5094583984376,-29.7703999999997,191
1103991,-59.6467583984376,-29.7722999999996,191
1103986,-59.5895583984376,-29.7742999999996,191
1104002,-59.6054583984376,-29.7776999999996,191
1104003,-59.4942583984376,-29.7791999999996,191
1104015,-59.7756583984375,-29.7802999999996,191
1104017,-59.5689583984376,-29.7845999999996,191
1104026,-59.3730583984376,-29.7845999999996,191
1104016,-59.5758583984376,-29.7850999999997,191
1104028,-59.5652583984376,-29.7881999999996,191
1104031,-59.7092583984376,-29.7890999999996,191
1104030,-59.7504583984376,-29.7896999999996,191
1104033,-59.5485583984376,-29.7904999999996,191
121410,-59.1902583984376,-29.7909999999997,191
1104037,-59.5294583984376,-29.7925999999997,191
1104036,-59.5734583984376,-29.7935999999996,191
1104032,-59.6077583984376,-29.7940999999996,191
1104049,-59.2259583984376,-29.7941999999996,191
1104042,-59.5385583984376,-29.7949999999996,191
1104066,-59.5947583984376,-29.7969999999996,191
1104056,-59.4926583984376,-29.7973999999996,191
1104082,-59.5598583984376,-29.7984999999996,191
1104065,-59.7609583984375,-29.7989999999996,191
1104063,-59.2172583984375,-29.8015999999997,191
1104069,-59.6235583984376,-29.8017999999996,191
1104090,-59.5378583984376,-29.8079999999997,191
1104089,-59.1261583984376,-29.8122999999997,191
1104086,-59.2332583984376,-29.8132999999996,191
1104091,-59.6112583984375,-29.8134999999996,191
1104096,-59.6206583984376,-29.8147999999995,191
1104094,-59.6330583984376,-29.8158999999996,191
1104102,-59.5748583984376,-29.8160999999996,191
1104114,-59.7581583984375,-29.8184999999996,191
121413,-59.5903583984376,-29.8188999999996,191
1104106,-59.6960583984376,-29.8194999999997,191
1104112,-59.5414583984375,-29.8194999999997,191
1104119,-59.7721583984376,-29.8274999999996,191
1104123,-59.7267583984375,-29.8285999999996,191
1104124,-59.7871583984376,-29.8287999999996,191
1104130,-59.2733583984376,-29.8289999999996,191
1104137,-59.7465583984376,-29.8330999999996,191
1104131,-59.3140583984375,-29.8341999999997,191
1104132,-59.6473583984376,-29.8342999999996,191
1104136,-59.7819583984376,-29.8357999999996,191
1104140,-59.3209583984376,-29.8372999999996,191
121417,-59.5548583984376,-29.8378999999996,191
121416,-59.1453583984376,-29.8378999999996,191
1104145,-59.5881583984375,-29.8390999999996,191
1104147,-59.3310583984376,-29.8436999999996,191
1104149,-59.5826583984376,-29.8448999999997,191
1104159,-59.6036583984376,-29.8488999999996,191
1104161,-59.2882583984376,-29.8495999999997,191
1104160,-59.3383583984376,-29.8496999999995,191
1104175,-59.2862583984376,-29.8548999999996,191
1104184,-59.5776583984376,-29.8571999999996,191
1104191,-59.3296583984376,-29.8583999999996,191
1104193,-59.3510583984376,-29.8587999999996,191
1104194,-59.2916583984376,-29.8629999999996,191
1104202,-59.6655583984376,-29.8643999999996,191
1104208,-59.3154583984376,-29.8651999999996,191
1104203,-59.5609583984375,-29.8657999999996,191
1104201,-59.7613583984376,-29.8662999999996,191
1104207,-59.3023583984375,-29.8662999999996,191
1104209,-59.6217583984376,-29.8664999999996,191
1104210,-59.5955583984376,-29.8675999999996,191
1104225,-59.7875583984376,-29.8730999999996,191
1104226,-59.3508583984376,-29.8740999999997,191
1104231,-59.7189583984376,-29.8754999999996,191
1104232,-59.6893583984375,-29.8759999999996,191
1104248,-59.3680583984376,-29.8789999999996,191
1104241,-59.6851583984376,-29.8807999999996,191
1104251,-59.2959583984376,-29.8852999999996,191
1104260,-59.5311583984376,-29.8866999999996,191
1104265,-59.3962583984376,-29.8903999999996,191
1104263,-59.3687583984376,-29.8908999999996,191
1104267,-59.8159583984376,-29.8916999999996,191
1104268,-59.1408583984376,-29.8924999999996,191
1104270,-59.5557583984376,-29.8942999999996,191
1104273,-59.8102583984375,-29.8947999999996,191
1104280,-59.5712583984376,-29.8984999999996,191
1104292,-59.5211583984376,-29.8992999999996,191
1104279,-59.7935583984377,-29.8993999999996,191
1104277,-59.7998583984376,-29.9001999999996,191
1104284,-59.5627583984376,-29.9020999999996,191
1104288,-59.5323583984376,-29.9035999999996,191
121437,-59.5722583984376,-29.9066999999997,191
1104297,-59.5080583984376,-29.9082999999997,191
1104302,-59.2325583984376,-29.9084999999997,191
1104315,-59.7516583984375,-29.9127999999997,191
1104330,-59.5019583984376,-29.9185999999996,191
1104399,-59.5638583984376,-29.9207999999996,191
1104342,-59.5687583984376,-29.9233999999996,191
1104355,-59.8062583984376,-29.9265999999996,191
1104353,-59.6309583984375,-29.9298999999996,191
1104372,-59.5319583984376,-29.9309999999996,191
1104365,-59.5077583984376,-29.9310999999996,191
1104371,-59.5840583984376,-29.9359999999996,191
1104416,-59.5147583984375,-29.9396999999996,191
1104387,-59.6457583984376,-29.9409999999996,191
1104397,-59.3529583984376,-29.9430999999996,191
1104390,-59.5238583984376,-29.9445999999996,191
1104405,-59.5820583984377,-29.9451999999997,191
1104411,-59.1810583984376,-29.9462999999996,191
1104424,-59.4342583984375,-29.9479999999996,191
1104430,-59.5690583984376,-29.9482999999996,191
1104426,-59.4034583984376,-29.9494999999996,191
1104438,-59.5533583984376,-29.9495999999996,191
1104429,-59.6870583984376,-29.9523999999996,191
1104428,-59.7964583984376,-29.9529999999996,191
1104444,-59.4300583984376,-29.9567999999996,191
1104447,-59.1826583984375,-29.9584999999996,191
1104459,-59.5570583984376,-29.9603999999997,191
1104461,-59.7470583984376,-29.9609999999996,191
1104455,-59.5783583984375,-29.9610999999996,191
1104462,-59.7602583984376,-29.9624999999996,191
1104478,-59.7310583984376,-29.9669999999996,191
1104486,-59.5573583984376,-29.9675999999997,191
1104476,-59.3710583984376,-29.9695999999995,191
1104495,-59.5279583984375,-29.9729999999996,191
1104487,-59.4176583984376,-29.9762999999996,191
1104491,-59.5390583984376,-29.9784999999997,191
1104505,-59.2422583984376,-29.9848999999996,191
1104514,-59.7755583984376,-29.9872999999997,191
1104541,-59.7840583984377,-29.9957999999996,191
1104540,-59.7515583984376,-29.9962999999996,191
121446,-59.3654583984376,-29.9982999999995,191
1104545,-59.5384583984376,-30.0000999999996,191
1104577,-59.3058583984376,-30.0076999999997,191
1104567,-59.7067583984376,-30.0088999999996,191
1104562,-59.3871583984376,-30.0096999999996,191
1104585,-59.2598583984376,-30.0146999999997,191
1104591,-59.4521583984376,-30.0169999999997,191
1104590,-59.6134583984376,-30.0186999999996,191
1104612,-59.2750583984376,-30.0281999999996,191
1104623,-59.4623583984376,-30.0307999999996,191
1104632,-59.7734583984376,-30.0335999999996,191
1104635,-59.3190583984376,-30.0338999999996,191
1104628,-59.5492583984376,-30.0340999999996,191
1104641,-59.4801583984377,-30.0341999999997,191
1104652,-59.8481583984375,-30.0395999999996,191
1104684,-59.5506583984376,-30.0486999999997,191
1104686,-59.3087583984376,-30.0508999999996,191
1104718,-59.6518583984376,-30.0601999999996,191
1104724,-59.5466583984376,-30.0633999999997,191
1104731,-59.7932583984376,-30.0690999999997,191
1104780,-59.7633583984376,-30.0847999999996,191
1104828,-59.7865583984375,-30.0980999999996,191
1104816,-59.5547583984376,-30.1005999999996,191
1104819,-59.4511583984375,-30.1030999999996,191
1104822,-59.8038583984376,-30.1047999999996,191
1104852,-59.6362583984376,-30.1089999999996,191
1104838,-59.7932583984376,-30.1120999999996,191
1104855,-59.5590583984376,-30.1180999999996,191
121474,-59.5835583984376,-30.1186999999996,191
1104861,-59.8367583984376,-30.1215999999996,191
1104866,-59.7859583984376,-30.1233999999997,191
1104862,-59.5626583984376,-30.1244999999996,191
1104880,-59.7995583984375,-30.1295999999996,191
1104899,-59.9502583984376,-30.1323999999996,191
1104881,-59.6112583984375,-30.1341999999996,191
1104886,-59.8826583984376,-30.1349999999996,191
1104897,-59.8541583984375,-30.1367999999996,191
1104887,-59.5886583984376,-30.1386999999996,191
1104921,-59.8443583984376,-30.1471999999997,191
1104923,-59.5397583984375,-30.1493999999996,191
1104930,-59.9488583984376,-30.1496999999995,191
121477,-59.7771583984376,-30.1513999999995,191
1104963,-59.6087583984375,-30.1640999999996,191
1104960,-59.8196583984376,-30.1668999999997,191
1104987,-59.7975583984375,-30.1718999999996,191
1104980,-59.5838583984375,-30.1754999999997,191
1104979,-59.5934583984376,-30.1765999999997,191
1104992,-59.5665583984376,-30.1809999999996,191
1105006,-59.8472583984376,-30.1817999999995,191
1104991,-59.6568583984376,-30.1823999999996,191
1105018,-59.8125583984375,-30.1841999999996,191
1105004,-59.8415583984376,-30.1869999999996,191
1105024,-59.6662583984376,-30.1911999999996,191
1105041,-59.5930583984376,-30.1933999999996,191
1105036,-59.6140583984375,-30.1943999999996,191
1105042,-59.8596583984375,-30.1976999999997,191
1105046,-59.8380583984376,-30.1998999999996,191
1105061,-59.5986583984376,-30.2057999999996,191
1105060,-59.5734583984376,-30.2116999999996,191
1105074,-59.6140583984375,-30.2166999999997,191
1105073,-59.9360583984376,-30.2174999999996,191
1105080,-59.8550583984376,-30.2190999999996,191
1105087,-59.8909583984376,-30.2209999999997,191
1105120,-59.6213583984376,-30.2313999999997,191
1105110,-59.5759583984376,-30.2326999999996,191
121485,-59.6009583984376,-30.2344999999996,191
1105114,-59.6178583984376,-30.2352999999996,191
1105118,-59.5861583984376,-30.2362999999996,191
1105132,-59.9153583984376,-30.2386999999997,191
1105125,-59.9052583984376,-30.2388999999997,191
1105109,-59.7664583984376,-30.2391999999995,191
1105131,-59.9514583984376,-30.2395999999997,191
1105139,-59.5909583984376,-30.2456999999997,191
1105143,-59.9552583984376,-30.2463999999997,191
1105145,-59.5996583984376,-30.2472999999997,191
121494,-59.9349583984376,-30.2530999999996,191
1105151,-59.5853583984375,-30.2532999999996,191
1105157,-59.7321583984376,-30.2545999999996,191
1105160,-59.9102583984376,-30.2575999999996,191
1105155,-59.8763583984375,-30.2579999999996,191
1105165,-58.9621583984376,-30.2604999999996,191
1105166,-58.9576583984376,-30.2607999999996,191
1105175,-59.6259583984376,-30.2653999999997,191
1105173,-59.6151583984376,-30.2662999999997,191
1105176,-59.8850583984376,-30.2669999999997,191
1105181,-59.6804583984376,-30.2723999999995,191
1105177,-59.7640583984376,-30.2736999999996,191
1105185,-59.5847583984376,-30.2760999999996,191
1105184,-59.8511583984376,-30.2764999999997,191
1105182,-59.8703583984376,-30.2765999999996,191
1105188,-59.8564583984376,-30.2772999999996,191
121496,-59.8115583984376,-30.2789999999997,191
1105198,-59.5833583984376,-30.2816999999996,191
1105197,-59.9691583984376,-30.2860999999996,191
1105205,-59.9566583984376,-30.2879999999996,191
1105201,-59.6998583984376,-30.2894999999996,191
1105203,-59.9497583984376,-30.2901999999996,191
1105199,-59.6822583984376,-30.2921999999996,191
1105209,-59.8149583984376,-30.2958999999996,191
1105206,-59.6313583984376,-30.2961999999997,191
1105213,-59.6415583984376,-30.2979999999997,191
1105212,-59.9669583984376,-30.2986999999997,191
1105214,-59.7320583984376,-30.2992999999996,191
1105219,-59.8233583984376,-30.3031999999997,191
1105218,-59.5874583984376,-30.3042999999996,191
1105222,-59.5657583984376,-30.3049999999996,191
121502,-59.8800583984375,-30.3067999999996,191
1105233,-59.7891583984376,-30.3107999999996,191
1105231,-59.8918583984375,-30.3108999999997,191
1105227,-59.5735583984376,-30.3114999999996,191
1105230,-59.6555583984376,-30.3127999999996,191
1105234,-59.8541583984375,-30.3167999999996,191
1105244,-59.9107583984376,-30.3175999999996,191
1105252,-59.7954583984376,-30.3206999999996,191
1105257,-59.6249583984376,-30.3211999999996,191
1105253,-59.8414583984375,-30.3220999999996,191
1105251,-59.8483583984377,-30.3225999999996,191
1105245,-59.7547583984376,-30.3226999999997,191
1105248,-59.8777583984376,-30.3227999999996,191
1105255,-59.7514583984376,-30.3249999999996,191
1105268,-59.6563583984376,-30.3261999999996,191
121505,-59.9274583984376,-30.3303999999997,191
1105267,-59.7753583984375,-30.3312999999996,191
1105266,-59.9656583984377,-30.3314999999996,191
1105270,-59.6424583984376,-30.3322999999996,191
1105271,-59.8324583984375,-30.3333999999996,191
1105273,-59.8904583984376,-30.3359999999996,191
1105276,-59.9024583984376,-30.3393999999995,191
1105280,-59.6075583984376,-30.3396999999997,191
1105281,-59.8630583984376,-30.3404999999996,191
1105282,-59.8935583984375,-30.3463999999996,191
1105284,-59.8721583984375,-30.3470999999996,191
1105279,-59.8388583984377,-30.3472999999996,191
1105288,-59.9282583984375,-30.3484999999996,191
1105291,-59.9124583984376,-30.3493999999997,191
1105289,-59.7616583984376,-30.3500999999997,191
121508,-59.8813583984376,-30.3581999999996,191
1105307,-58.9661583984376,-30.3625999999996,191
1105312,-59.8250583984376,-30.3643999999996,191
1105323,-59.8528583984376,-30.3662999999996,191
1105313,-59.6117583984376,-30.3662999999996,191
1105333,-59.7001583984376,-30.3704999999997,191
1105318,-59.7762583984376,-30.3710999999996,191
1105330,-59.6467583984376,-30.3715999999997,191
10454,-59.9348583984376,-30.3718999999996,191
1105334,-59.8871583984376,-30.3724999999997,191
1105354,-59.5852583984376,-30.3748999999996,191
1105325,-59.7113583984376,-30.3767999999997,191
1105331,-59.8455583984376,-30.3783999999996,191
1105345,-59.8649583984376,-30.3804999999996,191
1105336,-59.7464583984377,-30.3831999999996,191
1105338,-59.5771583984376,-30.3838999999996,191
1105351,-59.8691583984375,-30.3840999999996,191
1105340,-59.8871583984376,-30.3853999999996,191
1105356,-59.6127583984376,-30.3908999999996,191
1105349,-59.7618583984377,-30.3912999999997,191
1105348,-59.8553583984376,-30.3919999999997,191
1105363,-59.6704583984376,-30.3937999999997,191
1105357,-59.9086583984376,-30.3938999999996,191
1105365,-59.6181583984376,-30.3944999999997,191
1105367,-59.8854583984376,-30.3968999999996,191
1105362,-59.7635583984376,-30.3969999999997,191
1105372,-59.8738583984375,-30.4004999999996,191
1105359,-59.7872583984376,-30.4006999999996,191
1105370,-59.9216583984376,-30.4020999999996,191
1105373,-59.8953583984376,-30.4040999999996,191
1105377,-59.7239583984376,-30.4056999999996,191
1105386,-59.5950583984376,-30.4069999999996,191
1105383,-59.6107583984376,-30.4079999999996,191
1105379,-59.9265583984376,-30.4103999999996,191
1105382,-59.9376583984376,-30.4120999999996,191
1105390,-59.6011583984376,-30.4160999999996,191
1105391,-59.8685583984376,-30.4193999999997,191
1105395,-59.7841583984376,-30.4196999999996,191
1105392,-59.8417583984375,-30.4210999999996,191
1105402,-59.8647583984376,-30.4239999999996,191
1105405,-59.9197583984376,-30.4256999999997,191
121517,-59.9045583984376,-30.4285999999996,191
1105407,-59.9246583984376,-30.4302999999996,191
1105410,-59.8900583984376,-30.4304999999996,191
1105412,-59.6560583984376,-30.4313999999997,191
1105411,-59.8639583984375,-30.4332999999996,191
1105413,-59.9182583984376,-30.4355999999996,191
1105414,-59.8985583984376,-30.4363999999997,191
121515,-59.6387583984376,-30.4365999999997,191
121519,-59.8704583984376,-30.4424999999996,191
1105419,-59.7351583984376,-30.4441999999996,191
1105422,-59.7496583984376,-30.4466999999996,191
1105427,-59.6704583984376,-30.4488999999996,191
1105429,-59.6178583984376,-30.4519999999996,191
1105432,-59.9123583984376,-30.4580999999997,191
1105438,-59.8944583984376,-30.4584999999996,191
1105435,-59.7578583984376,-30.4587999999997,191
1105437,-59.9022583984377,-30.4596999999996,191
1105454,-59.7210583984375,-30.4676999999996,191
1105451,-59.9015583984375,-30.4687999999996,191
1105452,-59.0395583984376,-30.4741999999996,191
1105474,-59.9296583984376,-30.4750999999997,191
121524,-59.7332583984376,-30.4753999999996,191
1105462,-59.9113583984376,-30.4787999999996,191
1105460,-59.5829583984376,-30.4797999999996,191
1105458,-59.8755583984376,-30.4812999999996,191
1105467,-59.8911583984376,-30.4831999999996,191
1105466,-59.6000583984376,-30.4836999999997,191
1105468,-59.9159583984376,-30.4858999999996,191
1105471,-59.7482583984376,-30.4944999999996,191
1105475,-59.6394583984376,-30.4947999999997,191
1105470,-59.8980583984375,-30.4966999999996,191
1105479,-59.6268583984376,-30.4967999999997,191
1105478,-59.7307583984376,-30.4978999999996,191
1105480,-59.8820583984376,-30.4981999999997,191
1105481,-59.5982583984376,-30.4981999999997,191
1105488,-59.7714583984376,-30.4992999999997,191
1105496,-59.6342583984376,-30.5039999999996,191
121528,-59.8565583984376,-30.5059999999995,191
1105491,-59.7220583984376,-30.5063999999996,191
121527,-59.8877583984376,-30.5075999999996,191
1105497,-59.7262583984376,-30.5104999999995,191
1105495,-59.8665583984376,-30.5131999999996,191
1101864,-57.7052741590712,-27.9813222222218,191
1101859,-57.5042741590711,-27.9819222222218,191
121149,-58.7647741590712,-27.9861222222218,191
1101869,-58.2105741590712,-27.9882222222219,191
1101872,-57.5250741590712,-27.9882222222219,191
121150,-56.6761741590713,-27.9889222222218,191
1101873,-57.2496741590712,-27.9905222222218,191
1101874,-57.9984741590712,-27.9917222222218,191
1101881,-57.5431741590712,-27.9929222222218,191
1101889,-57.2346741590712,-27.9963222222218,191
1101883,-57.2452741590712,-27.9964222222218,191
1101884,-56.7094741590712,-27.9973222222218,191
1101887,-58.7810741590711,-27.9985222222218,191
1101896,-56.6591741590712,-28.0020222222217,191
1101892,-58.0326741590712,-28.0030222222218,191
1101893,-57.2168741590712,-28.0040222222217,191
1101894,-57.9887741590712,-28.0065222222217,191
10400,-57.8382741590711,-28.0077222222218,191
1101895,-57.5907741590712,-28.0081222222218,191
1101897,-58.0140741590712,-28.0082222222217,191
1101905,-57.5379741590712,-28.0095222222218,191
1101899,-57.5649741590712,-28.0103222222218,191
1101902,-57.7177741590712,-28.0133222222218,191
1101898,-58.8692741590712,-28.0136222222218,191
1101903,-57.5992741590712,-28.0139222222218,191
1101904,-56.6518741590712,-28.0148222222218,191
1101906,-57.2091741590712,-28.0164222222218,191
1101907,-58.0825741590711,-28.0184222222218,191
1101909,-57.9381741590711,-28.0207222222218,191
1101914,-58.0837741590713,-28.0241222222218,191
1101912,-58.8763741590712,-28.0274222222218,191
1101916,-58.1980741590712,-28.0280222222218,191
1101918,-58.0709741590712,-28.0300222222218,191
1101917,-58.0883741590712,-28.0307222222218,191
1101923,-57.6007741590712,-28.0391222222217,191
1101928,-58.2714741590712,-28.0413222222218,191
1101935,-56.0827741590712,-28.0462222222218,191
1101937,-57.6663741590711,-28.0491222222219,191
1101936,-57.6980741590712,-28.0500222222219,191
1101932,-56.8720741590712,-28.0506222222218,191
121156,-57.5234741590712,-28.0507222222218,191
1101943,-57.6527741590712,-28.0565222222218,191
1101944,-57.6067741590712,-28.0567222222218,191
1101945,-57.6598741590713,-28.0596222222218,191
1101948,-57.6746741590712,-28.0598222222218,191
1101960,-57.6855741590712,-28.0668222222218,191
1101951,-57.6959741590712,-28.0672222222219,191
1101955,-56.8547741590712,-28.0673222222217,191
1101959,-57.5603741590712,-28.0679222222218,191
1101954,-57.7315741590712,-28.0683222222218,191
10402,-56.7193741590712,-28.0687222222218,191
10401,-58.0433741590712,-28.0708222222218,191
1101965,-57.6480741590712,-28.0723222222218,191
1101966,-56.8990741590712,-28.0746222222218,191
1101970,-57.6069741590712,-28.0748222222218,191
1101972,-57.4910741590712,-28.0754222222218,191
1101980,-57.7023741590712,-28.0762222222218,191
1101975,-58.2145741590712,-28.0772222222218,191
1101974,-58.2446741590711,-28.0773222222218,191
1101981,-57.6763741590711,-28.0773222222218,191
121161,-56.4696741590712,-28.0785222222217,191
1101985,-57.1055741590712,-28.0824222222219,191
121162,-58.2808741590712,-28.0847222222218,191
1101988,-57.7230741590712,-28.0867222222219,191
1102002,-57.7154741590712,-28.0881222222218,191
1101997,-58.2480741590712,-28.0889222222218,191
1101991,-57.7508741590712,-28.0890222222218,191
1101989,-56.8614741590711,-28.0892222222218,191
1102000,-57.6839741590712,-28.0910222222219,191
1102007,-57.5093741590712,-28.0926222222218,191
10406,-56.7867741590712,-28.0935222222218,191
1102008,-56.9099741590712,-28.0969222222218,191
1102005,-57.7943741590711,-28.0979222222218,191
1102010,-57.7458741590712,-28.0990222222218,191
1102013,-57.7345741590712,-28.0994222222218,191
1102021,-56.8777741590712,-28.0995222222218,191
1102017,-57.7842741590712,-28.0999222222218,191
1102018,-57.6769741590712,-28.1033222222218,191
1102026,-57.8143741590712,-28.1040222222218,191
1102020,-57.7029741590712,-28.1060222222218,191
1102040,-58.2813741590712,-28.1078222222218,191
1102022,-57.6050741590713,-28.1087222222218,191
1102023,-57.8539741590712,-28.1096222222218,191
121165,-58.3271741590711,-28.1105222222218,191
1102030,-57.6954741590712,-28.1106222222218,191
1102029,-56.8626741590712,-28.1106222222218,191
1102031,-57.6903741590712,-28.1115222222218,191
1102035,-56.9240741590712,-28.1121222222218,191
1102033,-57.8971741590712,-28.1141222222219,191
1102039,-56.9210741590712,-28.1170222222218,191
1102038,-57.6728741590712,-28.1174222222217,191
121166,-57.7266741590713,-28.1177222222217,191
1102041,-57.6319741590711,-28.1177222222217,191
1102043,-57.7758741590712,-28.1181222222218,191
1102045,-57.8725741590712,-28.1203222222218,191
121168,-57.7701741590711,-28.1252222222218,191
1102047,-57.7921741590712,-28.1260222222218,191
1102036,-57.7415741590712,-28.1260222222218,191
1102049,-57.8390741590712,-28.1275222222218,191
1102059,-57.8210741590712,-28.1294222222218,191
1102058,-57.7146741590713,-28.1320222222218,191
1102055,-56.9537741590711,-28.1333222222218,191
1102060,-57.7825741590711,-28.1340222222218,191
10404,-58.1515741590712,-28.1345222222218,191
1102057,-57.6357741590712,-28.1357222222218,191
1102063,-57.7139741590712,-28.1373222222218,191
1102064,-58.3941741590712,-28.1384222222218,191
1102068,-58.2866741590712,-28.1408222222218,191
1102067,-57.9396741590712,-28.1412222222218,191
1102065,-58.3244741590711,-28.1429222222218,191
1102070,-56.9328741590712,-28.1429222222218,191
1102074,-57.8432741590712,-28.1435222222218,191
1102075,-57.6838741590713,-28.1456222222218,191
1102071,-56.1419741590712,-28.1457222222218,191
1102073,-56.9878741590712,-28.1471222222218,191
1102076,-57.4648741590711,-28.1472222222218,191
121170,-58.4120741590712,-28.1476222222219,191
1102077,-57.9357741590712,-28.1477222222218,191
1102078,-56.9806741590712,-28.1519222222218,191
1102079,-56.9484741590712,-28.1535222222219,191
1102080,-57.0988741590712,-28.1539222222218,191
1102082,-57.4262741590711,-28.1552222222218,191
1102083,-57.8153741590712,-28.1609222222218,191
121171,-57.7945741590711,-28.1626222222218,191
10407,-56.8532741590711,-28.1626222222218,191
1102085,-58.4546741590711,-28.1637222222218,191
1102091,-58.2417741590712,-28.1641222222217,191
1102087,-57.8521741590712,-28.1642222222218,191
1102086,-57.8320741590712,-28.1651222222218,191
1102089,-58.3775741590712,-28.1658222222217,191
1102090,-58.2204741590711,-28.1670222222218,191
121173,-56.1252741590712,-28.1671222222218,191
1102096,-57.8630741590712,-28.1698222222219,191
1102100,-56.3510741590712,-28.1701222222218,191
1102098,-58.0293741590712,-28.1714222222218,191
1102095,-57.9034741590712,-28.1714222222218,191
1102099,-57.8030741590712,-28.1756222222218,191
1102106,-58.2206741590712,-28.1785222222218,191
1102102,-57.6398741590712,-28.1792222222218,191
1102105,-57.9563741590712,-28.1802222222218,191
1102107,-58.4526741590711,-28.1814222222218,191
121174,-57.0177741590712,-28.1825222222218,191
1102109,-57.9797741590712,-28.1844222222218,191
1102108,-58.2655741590712,-28.1849222222218,191
1102111,-56.9886741590711,-28.1907222222218,191
1102115,-57.0493741590712,-28.1935222222218,191
1102114,-57.9029741590712,-28.1936222222218,191
1102112,-57.0797741590712,-28.1943222222218,191
121175,-58.0033741590712,-28.1990222222217,191
1102120,-58.4304741590711,-28.1991222222218,191
1102121,-57.9046741590712,-28.2016222222218,191
1102122,-58.5717741590712,-28.2020222222218,191
1102124,-58.1238741590712,-28.2030222222218,191
1102123,-58.0211741590712,-28.2032222222218,191
121178,-58.4893741590712,-28.2048222222218,191
1102126,-57.5824741590712,-28.2049222222219,191
1102127,-58.1437741590712,-28.2070222222218,191
1102129,-57.9334741590712,-28.2093222222218,191
1102132,-57.9677741590712,-28.2118222222218,191
1102130,-58.5102741590712,-28.2127222222218,191
1102135,-58.0817741590712,-28.2141222222218,191
1102134,-58.4904741590713,-28.2143222222218,191
1102138,-58.0513741590711,-28.2154222222218,191
1102136,-58.1441741590712,-28.2159222222217,191
1102137,-58.1000741590713,-28.2166222222218,191
1102140,-58.5169741590711,-28.2167222222218,191
1102131,-57.9981741590712,-28.2172222222218,191
1102141,-58.1687741590712,-28.2193222222218,191
1102145,-57.9690741590712,-28.2194222222219,191
1102142,-58.5076741590713,-28.2206222222218,191
1102153,-58.4980741590712,-28.2207222222218,191
1102139,-58.5138741590712,-28.2218222222218,191
1102148,-58.5720741590712,-28.2247222222218,191
10411,-58.3313741590712,-28.2249222222217,191
1102159,-58.1297741590712,-28.2256222222218,191
1102154,-57.9541741590712,-28.2270222222218,191
1102151,-58.5056741590712,-28.2276222222218,191
1102155,-56.9541741590712,-28.2292222222218,191
1102156,-57.9962741590712,-28.2306222222218,191
1102158,-58.4906741590712,-28.2340222222218,191
1102162,-56.9984741590712,-28.2346222222218,191
1102164,-57.1433741590712,-28.2369222222218,191
1102174,-58.1691741590712,-28.2449222222218,191
1102173,-58.5455741590712,-28.2457222222218,191
1102170,-58.5100741590712,-28.2458222222218,191
1102169,-58.6455741590712,-28.2466222222218,191
1102168,-57.1212741590712,-28.2485222222218,191
1102176,-58.5398741590712,-28.2487222222218,191
121181,-58.1125741590712,-28.2495222222219,191
1102178,-58.3567741590712,-28.2539222222218,191
1102186,-58.6126741590712,-28.2550222222218,191
1102183,-58.3696741590712,-28.2563222222219,191
1102181,-58.6644741590712,-28.2579222222218,191
1102193,-58.6322741590712,-28.2636222222218,191
1102190,-57.1905741590712,-28.2652222222218,191
1102184,-58.0601741590712,-28.2653222222218,191
1102195,-58.6360741590712,-28.2698222222218,191
1102197,-58.2121741590712,-28.2698222222218,191
121184,-58.5580741590712,-28.2738222222218,191
121188,-58.6776741590712,-28.2743222222218,191
1102202,-58.5364741590712,-28.2755222222218,191
1102201,-58.2863741590712,-28.2767222222218,191
1102208,-58.2742741590712,-28.2783222222218,191
10413,-57.4456741590712,-28.2795222222217,191
1102210,-56.5260741590712,-28.2815222222218,191
1102213,-56.2514741590712,-28.2817222222218,191
1102211,-58.2377741590712,-28.2828222222218,191
1102216,-58.5921741590712,-28.2833222222218,191
1102215,-58.2750741590711,-28.2867222222218,191
121193,-56.1295741590712,-28.2892222222218,191
1102223,-58.2106741590712,-28.2897222222218,191
1102217,-58.2674741590712,-28.2900222222218,191
1102222,-58.3171741590712,-28.2921222222218,191
1102228,-57.8446741590712,-28.2977222222218,191
1102226,-58.3416741590711,-28.2984222222218,191
121192,-56.8722741590712,-28.3018222222218,191
1102233,-58.5887741590712,-28.3021222222218,191
1102229,-57.5812741590712,-28.3021222222218,191
1102230,-57.9646741590711,-28.3030222222218,191
1102235,-57.8634741590712,-28.3069222222218,191
1102238,-58.3539741590712,-28.3073222222218,191
1102245,-58.3155741590712,-28.3082222222217,191
1102239,-57.9758741590712,-28.3083222222218,191
1102242,-57.2861741590712,-28.3106222222218,191
1102240,-57.9930741590711,-28.3111222222219,191
1102241,-57.8840741590712,-28.3134222222218,191
1102246,-57.7204741590712,-28.3172222222217,191
121195,-56.5550741590712,-28.3183222222218,191
1102248,-58.6127741590711,-28.3220222222218,191
1102250,-58.7260741590712,-28.3297222222218,191
1102259,-58.5892741590712,-28.3348222222218,191
1102260,-58.7519741590712,-28.3365222222218,191
1102262,-58.3322741590712,-28.3371222222218,191
1102263,-58.0273741590712,-28.3391222222218,191
1102264,-57.4377741590712,-28.3418222222218,191
1102265,-58.3490741590712,-28.3429222222218,191
121198,-58.7705741590711,-28.3440222222218,191
1102268,-57.6436741590712,-28.3448222222217,191
1102277,-58.6892741590711,-28.3453222222219,191
1102278,-57.7808741590711,-28.3471222222219,191
1102276,-58.7439741590712,-28.3491222222218,191
1102272,-58.0777741590712,-28.3493222222217,191
1102273,-58.0921741590712,-28.3497222222218,191
1102274,-56.0825741590712,-28.3502222222218,191
1102281,-57.9846741590712,-28.3525222222218,191
1102282,-58.7062741590711,-28.3563222222218,191
1102285,-58.7210741590712,-28.3618222222217,191
1102287,-57.7189741590711,-28.3657222222218,191
1102291,-58.0727741590712,-28.3695222222217,191
1102292,-58.6535741590712,-28.3737222222218,191
1102296,-57.7958741590712,-28.3739222222218,191
1102300,-58.2662741590712,-28.3782222222218,191
1102299,-58.7756741590712,-28.3786222222218,191
1102303,-57.6036741590712,-28.3804222222219,191
1102304,-55.7596741590712,-28.3828222222218,191
1102307,-58.3219741590711,-28.3839222222218,191
1102306,-57.8126741590712,-28.3840222222217,191
1102308,-58.1126741590712,-28.3868222222218,191
121202,-57.2832741590712,-28.3886222222218,191
1102311,-55.8542741590712,-28.3930222222218,191
1102312,-58.1641741590711,-28.3933222222218,191
1102313,-58.1291741590712,-28.3950222222218,191
1102318,-58.0043741590712,-28.3986222222218,191
1102317,-58.1574741590712,-28.3989222222218,191
121206,-57.5652741590712,-28.3991222222218,191
121205,-57.7510741590712,-28.3998222222218,191
1102330,-57.3970741590712,-28.4038222222218,191
1102325,-57.8072741590711,-28.4039222222217,191
1102329,-58.1454741590712,-28.4061222222218,191
1102327,-58.3688741590711,-28.4088222222218,191
1102328,-57.8141741590712,-28.4110222222218,191
1102334,-57.4036741590712,-28.4153222222218,191
1102335,-57.5837741590713,-28.4174222222217,191
1102333,-58.1613741590711,-28.4182222222218,191
121207,-57.6362741590711,-28.4294222222218,191
1102344,-55.8227741590712,-28.4303222222218,191
121203,-57.4125741590713,-28.4370222222219,191
1102352,-56.1329741590712,-28.4375222222218,191
1102353,-55.8005741590712,-28.4375222222218,191
121208,-57.8481741590711,-28.4388222222217,191
1102375,-57.1132741590712,-28.4445222222218,191
1102359,-57.2209741590712,-28.4457222222218,191
1102362,-58.4595741590712,-28.4478222222217,191
1102363,-58.1936741590712,-28.4483222222217,191
1102366,-55.7904741590712,-28.4485222222218,191
1102368,-58.6376741590713,-28.4506222222217,191
1102369,-58.2102741590712,-28.4520222222218,191
1102370,-58.0927741590712,-28.4525222222218,191
1102371,-57.2789741590712,-28.4549222222218,191
1102376,-57.2018741590712,-28.4557222222218,191
1102380,-58.1080741590712,-28.4618222222218,191
1102381,-57.8764741590712,-28.4633222222218,191
1102386,-58.1179741590711,-28.4671222222218,191
1102388,-57.3534741590711,-28.4696222222218,191
1102387,-58.2295741590712,-28.4702222222218,191
1102390,-55.8184741590712,-28.4729222222218,191
1102391,-55.7768741590712,-28.4739222222219,191
1102392,-58.4569741590712,-28.4792222222218,191
10414,-57.1211741590712,-28.4795222222218,191
1102393,-55.8288741590712,-28.4807222222219,191
1102398,-58.4674741590712,-28.4821222222218,191
1102396,-58.4747741590712,-28.4855222222217,191
1102400,-58.2416741590712,-28.4859222222218,191
1102402,-58.4921741590712,-28.4876222222218,191
1102401,-58.7279741590712,-28.4882222222219,191
1102403,-55.8206741590712,-28.4889222222218,191
1102408,-58.4820741590711,-28.4892222222218,191
1102413,-57.5985741590712,-28.4899222222218,191
1102406,-57.3209741590712,-28.4913222222218,191
1102405,-58.2551741590711,-28.4920222222217,191
1102409,-58.4717741590712,-28.4935222222218,191
1102412,-57.6874741590712,-28.4947222222218,191
1102414,-55.6639741590712,-28.5007222222217,191
1102418,-57.6990741590712,-28.5040222222218,191
1102415,-58.2563741590712,-28.5055222222218,191
1102417,-58.2379741590711,-28.5055222222218,191
1102419,-58.3603741590711,-28.5058222222218,191
1102420,-55.8848741590712,-28.5065222222218,191
1102424,-58.5510741590712,-28.5066222222218,191
1102416,-58.4586741590712,-28.5073222222218,191
121213,-56.2646741590712,-28.5073222222218,191
1102423,-58.2237741590712,-28.5093222222218,191
1102425,-58.0339741590712,-28.5110222222218,191
1102422,-58.5522741590712,-28.5122222222218,191
1102426,-58.0942741590712,-28.5143222222218,191
1102432,-57.9900741590712,-28.5145222222218,191
1102431,-58.1132741590711,-28.5150222222218,191
1102435,-58.2434741590712,-28.5197222222218,191
1102441,-58.3366741590712,-28.5206222222218,191
121214,-58.5183741590712,-28.5219222222217,191
1102445,-58.1100741590712,-28.5247222222218,191
1102444,-57.4620741590712,-28.5264222222218,191
1102446,-57.4480741590712,-28.5279222222218,191
1102448,-57.6435741590712,-28.5295222222218,191
1102449,-57.6221741590712,-28.5311222222217,191
121217,-57.6333741590712,-28.5334222222218,191
1102452,-58.3356741590712,-28.5335222222218,191
121220,-57.3686741590712,-28.5337222222218,191
1102453,-55.7500741590712,-28.5342222222218,191
121219,-57.7335741590712,-28.5381222222218,191
121216,-58.5419741590712,-28.5389222222218,191
1102459,-57.6584741590711,-28.5413222222218,191
1102462,-57.7712741590712,-28.5451222222218,191
1102466,-58.8438741590711,-28.5490222222218,191
1102470,-58.3213741590712,-28.5497222222218,191
1102468,-58.2725741590711,-28.5522222222218,191
121221,-57.6736741590711,-28.5565222222218,191
1102477,-58.3182741590712,-28.5585222222218,191
1102478,-58.2953741590712,-28.5602222222219,191
121228,-57.7076741590712,-28.5648222222218,191
1102486,-57.7209741590711,-28.5693222222218,191
1102490,-55.6885741590712,-28.5702222222218,191
1102488,-58.3018741590712,-28.5711222222218,191
1102492,-58.3348741590712,-28.5737222222218,191
1102495,-56.1443741590712,-28.5762222222218,191
1102498,-58.5286741590711,-28.5806222222218,191
1102504,-55.8497741590712,-28.5839222222218,191
1102506,-58.8791741590712,-28.5843222222218,191
1102502,-58.8386741590712,-28.5846222222218,191
1102511,-58.0087741590712,-28.5873222222218,191
1102503,-55.9151741590712,-28.5889222222218,191
1102517,-57.8263741590712,-28.5917222222218,191
1102510,-57.7881741590712,-28.5930222222217,191
1102526,-58.8563741590712,-28.6010222222218,191
1102532,-57.8579741590711,-28.6053222222218,191
121231,-57.8482741590712,-28.6066222222219,191
10416,-57.5553741590712,-28.6073222222219,191
1102536,-55.7356741590712,-28.6083222222218,191
1102535,-57.8937741590711,-28.6089222222218,191
1102537,-58.8781741590712,-28.6109222222217,191
1102540,-55.6985741590712,-28.6145222222218,191
1102545,-55.8707741590712,-28.6220222222218,191
1102546,-55.6456741590712,-28.6223222222218,191
121233,-57.7912741590712,-28.6247222222218,191
1102548,-57.5323741590712,-28.6249222222218,191
1102549,-58.8724741590712,-28.6270222222219,191
1102553,-55.7907741590712,-28.6275222222218,191
1102557,-55.6501741590712,-28.6287222222218,191
121234,-57.9662741590712,-28.6334222222218,191
1102560,-57.1776741590712,-28.6342222222218,191
1102558,-55.8542741590712,-28.6342222222218,191
1102563,-57.9771741590712,-28.6377222222218,191
1102566,-56.0379741590712,-28.6418222222218,191
121235,-57.5582741590712,-28.6444222222218,191
1102568,-57.9802741590712,-28.6466222222218,191
1102571,-58.0200741590712,-28.6494222222218,191
1102570,-58.4030741590712,-28.6507222222218,191
1102573,-55.7539741590712,-28.6542222222218,191
121238,-57.1798741590712,-28.6572222222218,191
1102572,-58.6034741590711,-28.6603222222219,191
1102580,-58.2432741590712,-28.6643222222218,191
1102584,-55.8975741590712,-28.6650222222218,191
10418,-57.8204741590712,-28.6661222222218,191
1102585,-55.8146741590712,-28.6664222222219,191
1102592,-55.9485741590711,-28.6693222222218,191
121239,-58.1024741590712,-28.6715222222218,191
1102599,-55.8499741590712,-28.6783222222218,191
1102601,-58.1525741590712,-28.6794222222218,191
1102600,-58.4058741590712,-28.6816222222218,191
1102605,-56.0241741590712,-28.6836222222218,191
1102607,-56.1460741590711,-28.6861222222219,191
1102606,-55.9506741590712,-28.6864222222218,191
1102610,-55.7016741590712,-28.6914222222218,191
1102614,-58.5588741590713,-28.6988222222218,191
1102617,-56.0959741590711,-28.6991222222218,191
1102620,-55.9947741590712,-28.7010222222218,191
121245,-58.6876741590712,-28.7011222222218,191
1102618,-57.2393741590712,-28.7012222222218,191
1102621,-55.7612741590711,-28.7017222222217,191
1102630,-58.1155741590712,-28.7082222222218,191
1102626,-55.7181741590712,-28.7082222222218,191
1102625,-57.2439741590712,-28.7108222222219,191
121244,-57.1961741590712,-28.7116222222218,191
1102629,-55.8766741590712,-28.7124222222218,191
1102631,-56.1316741590712,-28.7148222222218,191
1102664,-58.5541741590712,-28.7216222222218,191
1102642,-55.9679741590712,-28.7248222222218,191
121243,-58.0355741590712,-28.7250222222218,191
1102648,-57.2469741590712,-28.7255222222219,191
1102643,-58.0787741590712,-28.7261222222218,191
1102645,-55.8330741590711,-28.7265222222218,191
1102649,-56.0277741590712,-28.7276222222218,191
1102651,-55.8993741590712,-28.7297222222218,191
1102650,-58.6516741590711,-28.7299222222218,191
121246,-58.4904741590713,-28.7311222222218,191
121249,-56.3266741590712,-28.7333222222218,191
1102663,-55.8582741590712,-28.7370222222218,191
1102662,-55.7645741590712,-28.7381222222218,191
1102665,-58.7020741590712,-28.7405222222218,191
1102666,-55.7327741590713,-28.7411222222217,191
1102667,-56.0570741590712,-28.7424222222218,191
1102670,-58.5174741590712,-28.7450222222218,191
1102669,-58.6966741590712,-28.7458222222218,191
1102675,-56.0014741590712,-28.7490222222218,191
1102689,-58.2773741590711,-28.7505222222218,191
1102678,-55.6510741590712,-28.7538222222219,191
1102679,-56.0104741590712,-28.7543222222218,191
121252,-55.9111741590712,-28.7546222222218,191
1102680,-55.9633741590712,-28.7556222222218,191
1102677,-55.7937741590712,-28.7560222222218,191
1102687,-58.2581741590711,-28.7577222222218,191
1102690,-55.8827741590712,-28.7592222222218,191
1102684,-55.7098741590711,-28.7593222222218,191
1102685,-55.8387741590712,-28.7606222222218,191
1102694,-58.6697741590712,-28.7631222222218,191
1102697,-58.7153741590712,-28.7644222222218,191
1102700,-56.1723741590712,-28.7664222222218,191
1102705,-58.4076741590712,-28.7682222222218,191
1102706,-55.9856741590711,-28.7695222222218,191
1102712,-58.2308741590712,-28.7724222222218,191
1102709,-55.7554741590712,-28.7724222222218,191
1102707,-55.6863741590712,-28.7730222222218,191
1102715,-55.9297741590713,-28.7763222222218,191
1102719,-56.0339741590712,-28.7790222222218,191
1102716,-56.3959741590712,-28.7792222222218,191
1102726,-58.7646741590712,-28.7808222222218,191
1102722,-58.4213741590712,-28.7810222222217,191
1102732,-56.0724741590712,-28.7916222222218,191
1102734,-55.9863741590712,-28.7924222222218,191
1102740,-55.8200741590712,-28.7956222222218,191
1102746,-58.7825741590711,-28.7963222222218,191
121258,-58.2776741590712,-28.7969222222218,191
1102742,-56.1147741590712,-28.7970222222218,191
1102749,-55.7382741590712,-28.7998222222218,191
1102750,-57.1701741590711,-28.8006222222218,191
1102739,-58.5617741590712,-28.8007222222217,191
1102756,-58.7934741590713,-28.8021222222218,191
1102755,-58.4070741590712,-28.8051222222218,191
1102754,-58.7790741590712,-28.8066222222218,191
1102757,-55.8570741590711,-28.8068222222219,191
1102758,-56.2614741590711,-28.8080222222218,191
1102761,-56.2399741590712,-28.8118222222218,191
1102764,-55.9933741590712,-28.8127222222218,191
1102762,-55.7713741590712,-28.8129222222217,191
1102768,-56.0746741590712,-28.8164222222218,191
1102774,-55.7984741590712,-28.8168222222218,191
1102772,-56.1353741590711,-28.8175222222218,191
1102778,-58.8098741590712,-28.8193222222218,191
121259,-56.0210741590712,-28.8199222222217,191
1102782,-57.1736741590711,-28.8224222222217,191
121260,-56.1452741590712,-28.8240222222219,191
1102781,-58.5030741590712,-28.8246222222218,191
1102783,-55.8842741590712,-28.8251222222218,191
1102790,-56.2752741590712,-28.8283222222217,191
1102787,-58.8161741590712,-28.8290222222219,191
1102788,-58.7058741590712,-28.8296222222218,191
1102793,-56.2478741590712,-28.8298222222218,191
1102789,-58.4806741590712,-28.8304222222218,191
1102797,-58.8011741590713,-28.8312222222218,191
1102794,-56.2338741590711,-28.8318222222218,191
1102801,-55.7480741590712,-28.8357222222218,191
1102805,-55.9765741590712,-28.8368222222218,191
1102802,-58.7075741590712,-28.8370222222218,191
1102804,-55.6964741590712,-28.8377222222218,191
1102809,-58.7589741590712,-28.8399222222218,191
1102810,-58.7381741590711,-28.8401222222217,191
121265,-58.3059741590712,-28.8434222222218,191
121262,-55.9393741590712,-28.8449222222218,191
1102816,-58.7945741590711,-28.8459222222218,191
1102814,-58.7372741590712,-28.8464222222218,191
1102818,-58.8472741590712,-28.8498222222217,191
1102826,-58.6772741590711,-28.8521222222218,191
1102820,-55.8278741590713,-28.8524222222218,191
1102822,-58.7762741590712,-28.8525222222217,191
1102819,-58.7256741590711,-28.8529222222218,191
1102821,-58.9089741590712,-28.8535222222218,191
1102827,-55.7735741590712,-28.8539222222218,191
1102824,-58.5981741590712,-28.8545222222218,191
1102823,-58.8106741590713,-28.8546222222218,191
1102825,-55.9144741590712,-28.8552222222218,191
1102828,-58.7917741590711,-28.8581222222218,191
1102829,-58.7415741590712,-28.8585222222218,191
1102834,-56.0099741590712,-28.8591222222218,191
1102833,-58.8031741590712,-28.8664222222218,191
1102836,-58.8530741590712,-28.8666222222218,191
1102837,-58.7472741590712,-28.8672222222218,191
1102838,-58.7026741590713,-28.8673222222218,191
1102843,-58.8006741590712,-28.8707222222218,191
1102847,-56.0347741590712,-28.8714222222218,191
1102848,-56.1309741590712,-28.8716222222218,191
1102842,-58.8231741590712,-28.8731222222218,191
121271,-56.2579741590712,-28.8739222222218,191
1102849,-56.1090741590712,-28.8743222222218,191
1102851,-58.7496741590712,-28.8766222222218,191
1102855,-56.7262741590712,-28.8783222222218,191
1102858,-56.2254741590712,-28.8786222222218,191
1102854,-58.8136741590712,-28.8792222222218,191
121272,-56.0308741590712,-28.8811222222218,191
1102857,-58.8581741590712,-28.8815222222217,191
1102861,-58.8375741590712,-28.8855222222218,191
1102860,-58.7505741590712,-28.8863222222218,191
1102862,-58.7164741590713,-28.8880222222218,191
1102867,-56.0847741590712,-28.8921222222218,191
1102865,-58.8488741590712,-28.8922222222218,191
1102871,-58.6048741590712,-28.8955222222218,191
1102875,-55.9665741590712,-28.8968222222218,191
1102874,-56.1301741590712,-28.8973222222218,191
1102879,-55.9249741590712,-28.9009222222217,191
1102873,-58.7312741590712,-28.9027222222218,191
1102881,-58.8197741590712,-28.9037222222217,191
1102887,-55.6560741590712,-28.9052222222218,191
1102890,-55.8111741590711,-28.9068222222218,191
1102894,-55.7204741590712,-28.9089222222217,191
1102902,-57.5580741590712,-28.9127222222218,191
1102901,-57.8219741590711,-28.9128222222218,191
1102900,-56.1092741590712,-28.9132222222218,191
1102907,-58.8699741590712,-28.9164222222219,191
1102897,-58.8303741590711,-28.9197222222218,191
1102911,-55.7984741590712,-28.9212222222218,191
1102914,-56.0855741590712,-28.9217222222218,191
1102915,-55.7902741590712,-28.9247222222218,191
1102918,-58.8681741590712,-28.9250222222219,191
1102920,-56.1326741590712,-28.9296222222217,191
1102923,-55.9103741590712,-28.9335222222218,191
1102926,-55.6818741590712,-28.9349222222218,191
1102931,-58.7459741590712,-28.9353222222218,191
1102924,-55.9923741590712,-28.9362222222218,191
1102928,-56.0719741590711,-28.9376222222218,191
1102933,-55.8899741590711,-28.9382222222218,191
1102934,-55.6861741590712,-28.9404222222218,191
1102942,-55.8336741590712,-28.9426222222218,191
1102944,-56.0142741590712,-28.9430222222218,191
1102946,-58.8530741590712,-28.9437222222218,191
1102943,-58.7475741590712,-28.9437222222218,191
1102951,-55.7977741590712,-28.9443222222218,191
1102953,-56.0438741590712,-28.9481222222218,191
1102955,-58.8360741590712,-28.9521222222218,191
1102958,-57.2683741590712,-28.9532222222218,191
1102959,-58.7677741590712,-28.9561222222218,191
121279,-56.1203741590712,-28.9574222222219,191
1102970,-58.9018741590712,-28.9594222222218,191
1102968,-55.7097741590712,-28.9597222222218,191
1102969,-55.8282741590712,-28.9608222222218,191
1102967,-58.8422741590712,-28.9610222222217,191
1102974,-57.2800741590712,-28.9654222222218,191
1102977,-55.8058741590712,-28.9659222222218,191
1102975,-56.0523741590712,-28.9661222222218,191
1102986,-58.7690741590712,-28.9703222222218,191
1102990,-55.7444741590712,-28.9717222222218,191
1102995,-55.9532741590712,-28.9758222222218,191
1102997,-55.8956741590712,-28.9771222222219,191
1102993,-58.6973741590712,-28.9773222222218,191
1102991,-56.3874741590712,-28.9780222222217,191
1103007,-58.8994741590712,-28.9792222222218,191
1103001,-58.8581741590712,-28.9793222222218,191
1103002,-58.7079741590712,-28.9842222222217,191
1103008,-55.6677741590711,-28.9858222222218,191
1103013,-55.8717741590712,-28.9884222222219,191
1103017,-56.1734741590712,-28.9923222222218,191
121290,-56.1162741590712,-28.9932222222217,191
1103019,-56.0517741590712,-28.9933222222218,191
121292,-56.5047741590712,-28.9964222222218,191
1103021,-56.1430741590711,-28.9994222222217,191
1103030,-55.8614741590712,-29.0064222222218,191
1103032,-56.0211741590712,-29.0068222222218,191
1103039,-56.1323741590712,-29.0140222222218,191
1103045,-56.0578741590712,-29.0155222222218,191
1103046,-55.8209741590712,-29.0167222222218,191
1103051,-57.9367741590711,-29.0191222222217,191
1103052,-56.1239741590712,-29.0227222222218,191
1103054,-56.0638741590712,-29.0237222222218,191
1103058,-56.0921741590712,-29.0261222222218,191
1103062,-55.8222741590712,-29.0290222222218,191
1103064,-55.9192741590712,-29.0300222222218,191
1103065,-56.0698741590712,-29.0318222222218,191
1103061,-56.2891741590713,-29.0346222222219,191
1103068,-58.8374741590712,-29.0351222222218,191
1103070,-55.7119741590712,-29.0358222222218,191
1103066,-55.7752741590712,-29.0367222222218,191
1103071,-55.9965741590712,-29.0375222222218,191
1103073,-58.6812741590712,-29.0415222222218,191
1103074,-56.2261741590712,-29.0441222222218,191
1103079,-58.8730741590712,-29.0481222222218,191
1103084,-55.8127741590712,-29.0486222222218,191
1103083,-58.1434741590712,-29.0506222222218,191
1103090,-56.3422741590712,-29.0524222222218,191
1103089,-55.7741741590712,-29.0550222222219,191
121300,-55.6793741590712,-29.0587222222218,191
1103093,-56.2035741590713,-29.0619222222218,191
121302,-57.7219741590712,-29.0622222222218,191
1103104,-56.4256741590712,-29.0624222222218,191
1103096,-58.7360741590712,-29.0640222222218,191
1103106,-58.8433741590712,-29.0652222222218,191
1103098,-56.2579741590712,-29.0662222222218,191
1103100,-55.8251741590712,-29.0664222222218,191
1103107,-56.3275741590712,-29.0671222222218,191
1103111,-56.4264741590712,-29.0700222222218,191
1103109,-55.7286741590712,-29.0716222222218,191
121303,-55.9524741590712,-29.0720222222217,191
1103134,-58.7422741590712,-29.0839222222218,191
121308,-56.2310741590711,-29.0882222222218,191
1103140,-56.0012741590712,-29.0961222222218,191
1103141,-55.8895741590712,-29.1001222222218,191
1103142,-55.8335741590712,-29.1008222222218,191
1103150,-56.5213741590712,-29.1067222222218,191
1103157,-58.8644741590712,-29.1082222222218,191
1103147,-55.7980741590712,-29.1103222222218,191
121313,-56.1059741590712,-29.1126222222218,191
1103161,-56.2596741590712,-29.1154222222218,191
1103172,-55.9055741590713,-29.1222222222218,191
1103171,-56.0591741590712,-29.1226222222218,191
1103170,-55.8609741590712,-29.1230222222218,191
1103169,-56.1799741590712,-29.1235222222218,191
121314,-55.9647741590712,-29.1249222222218,191
1103177,-58.8366741590712,-29.1268222222218,191
1103180,-56.2317741590712,-29.1322222222218,191
1103182,-56.0407741590712,-29.1349222222218,191
121317,-57.5220741590712,-29.1360222222218,191
1103184,-55.8908741590712,-29.1378222222218,191
1103192,-55.8217741590712,-29.1428222222218,191
1103191,-55.9964741590712,-29.1432222222218,191
1103187,-55.9355741590711,-29.1451222222218,191
1103196,-56.3598741590712,-29.1478222222217,191
1103202,-56.1649741590712,-29.1495222222218,191
1103203,-56.8350741590712,-29.1516222222218,191
1103206,-56.8447741590712,-29.1525222222217,191
1103204,-56.3388741590712,-29.1533222222218,191
1103207,-56.2687741590711,-29.1563222222218,191
1103215,-56.4666741590712,-29.1604222222218,191
1103219,-56.0790741590712,-29.1622222222218,191
1103216,-56.2353741590712,-29.1625222222218,191
1103220,-55.9816741590712,-29.1669222222218,191
1103223,-56.1953741590712,-29.1714222222218,191
1103221,-56.3790741590712,-29.1720222222218,191
1103225,-56.5136741590712,-29.1737222222218,191
1103228,-56.4080741590712,-29.1783222222218,191
1103226,-56.5600741590712,-29.1785222222218,191
1103229,-55.9070741590712,-29.1804222222218,191
1103232,-55.8226741590712,-29.1817222222218,191
1103230,-56.3063741590711,-29.1820222222218,191
1103231,-56.0927741590712,-29.1830222222218,191
1103235,-56.4348741590712,-29.1841222222218,191
1103241,-56.3494741590712,-29.1910222222218,191
1103247,-56.0431741590712,-29.1935222222218,191
1103254,-56.1622741590712,-29.2012222222218,191
1103255,-56.4641741590712,-29.2047222222218,191
1103259,-56.3145741590712,-29.2068222222218,191
121324,-55.9852741590712,-29.2072222222218,191
1103257,-56.2978741590712,-29.2084222222218,191
1103264,-56.4396741590712,-29.2108222222219,191
1103266,-56.1508741590712,-29.2129222222218,191
1103267,-56.0575741590712,-29.2169222222218,191
1103269,-56.2269741590712,-29.2206222222217,191
1103273,-56.3837741590712,-29.2214222222218,191
1103275,-56.5009741590712,-29.2236222222218,191
1103277,-56.1884741590712,-29.2246222222219,191
1103279,-55.9835741590712,-29.2288222222218,191
1103283,-56.3538741590712,-29.2354222222218,191
1103285,-56.5235741590712,-29.2368222222217,191
1103287,-56.4291741590712,-29.2389222222218,191
1103286,-56.4822741590712,-29.2395222222218,191
1103291,-56.2469741590712,-29.2505222222218,191
1103295,-56.1946741590712,-29.2541222222218,191
1103298,-55.7866741590713,-29.2546222222218,191
1103301,-58.8987741590711,-29.2583222222218,191
121331,-57.9145741590712,-29.2591222222218,191
1103307,-56.4444741590712,-29.2637222222218,191
1103306,-57.7818741590712,-29.2649222222219,191
121337,-56.4153741590712,-29.2691222222218,191
121336,-56.3084741590712,-29.2704222222218,191
1103312,-56.5921741590712,-29.2760222222218,191
1103317,-55.7781741590712,-29.2817222222218,191
121338,-56.2097741590712,-29.2856222222218,191
1103316,-56.6749741590712,-29.2863222222218,191
1103323,-56.5006741590711,-29.2869222222218,191
1103326,-56.3365741590712,-29.2912222222218,191
121341,-56.5535741590712,-29.2978222222218,191
1103338,-56.3568741590712,-29.3021222222218,191
1103335,-57.7079741590712,-29.3034222222219,191
1103349,-55.8533741590712,-29.3172222222218,191
121348,-56.5988741590712,-29.3354222222218,191
1103371,-56.6276741590712,-29.3373222222218,191
1103368,-55.8343741590712,-29.3388222222217,191
1103377,-56.6802741590712,-29.3478222222217,191
1103395,-58.8860741590711,-29.3704222222218,191
1103407,-55.8742741590711,-29.3796222222218,191
1103403,-58.9017741590712,-29.3802222222218,191
1103408,-55.7256741590712,-29.3853222222218,191
1103412,-55.8547741590712,-29.3860222222218,191
1103410,-55.6568741590712,-29.3868222222218,191
1103415,-56.5839741590711,-29.3899222222217,191
1103418,-56.0197741590712,-29.3927222222218,191
1103428,-55.9262741590712,-29.4086222222217,191
1103430,-58.8988741590712,-29.4144222222218,191
1103433,-56.0801741590712,-29.4163222222218,191
1103434,-56.1096741590712,-29.4175222222218,191
1103442,-56.0259741590712,-29.4202222222218,191
1103440,-55.8989741590711,-29.4202222222218,191
1103441,-56.0592741590712,-29.4206222222218,191
1103445,-56.0430741590711,-29.4255222222218,191
1103453,-56.1703741590712,-29.4333222222218,191
1103458,-55.7356741590712,-29.4342222222218,191
1103464,-56.0417741590712,-29.4392222222218,191
1103471,-55.9308741590712,-29.4432222222218,191
1103480,-56.0866741590712,-29.4517222222218,191
1103481,-56.6997741590712,-29.4552222222218,191
1103485,-55.8342741590712,-29.4584222222218,191
1103488,-56.0800741590712,-29.4618222222218,191
121355,-57.3001741590712,-29.4622222222218,191
1103491,-55.8981741590712,-29.4650222222218,191
1103495,-55.8757741590712,-29.4697222222218,191
1103496,-56.3729741590712,-29.4733222222218,191
1103500,-56.0356741590712,-29.4775222222218,191
1103498,-56.5443741590712,-29.4780222222218,191
121356,-57.3599741590712,-29.4800222222218,191
1103499,-56.4246741590712,-29.4803222222218,191
121357,-56.2500741590712,-29.4830222222218,191
1103504,-56.1731741590712,-29.4830222222218,191
1103507,-56.0384741590713,-29.4831222222218,191
1103512,-56.7165741590712,-29.4847222222218,191
1103513,-56.0760741590712,-29.4876222222218,191
1103506,-56.0943741590712,-29.4895222222218,191
1103514,-56.5679741590712,-29.4912222222218,191
1103521,-55.9675741590712,-29.4968222222219,191
1103529,-56.6892741590712,-29.5029222222219,191
121363,-56.3241741590712,-29.5048222222218,191
1103532,-56.2577741590712,-29.5081222222217,191
1103537,-56.4200741590712,-29.5110222222218,191
1103545,-56.3318741590712,-29.5149222222218,191
1103548,-55.7837741590712,-29.5178222222217,191
1103554,-56.3739741590712,-29.5182222222218,191
1103561,-56.6445741590712,-29.5243222222218,191
121368,-57.4304741590711,-29.5246222222218,191
1103568,-56.5078741590712,-29.5280222222218,191
1103569,-56.2851741590712,-29.5301222222218,191
1103573,-55.7689741590711,-29.5302222222218,191
1103572,-56.1082741590712,-29.5309222222218,191
1103578,-55.9917741590712,-29.5319222222218,191
1103586,-56.9162741590712,-29.5321222222218,191
1103579,-55.8255741590712,-29.5331222222218,191
1103584,-57.6852741590712,-29.5339222222218,191
1103582,-56.6459741590712,-29.5376222222218,191
1103587,-56.3571741590712,-29.5383222222218,191
1103593,-56.4846741590712,-29.5386222222218,191
1103594,-56.0798741590712,-29.5389222222218,191
1103600,-56.1056741590712,-29.5413222222218,191
1103599,-56.5090741590712,-29.5416222222218,191
1103598,-56.7177741590712,-29.5426222222218,191
1103602,-56.9223741590712,-29.5428222222218,191
1103607,-55.8098741590712,-29.5456222222218,191
1103606,-55.7822741590712,-29.5469222222218,191
1103612,-55.7231741590712,-29.5500222222219,191
1103611,-56.1030741590712,-29.5503222222218,191
121371,-58.0693741590711,-29.5507222222219,191
1103616,-56.6072741590712,-29.5530222222218,191
1103617,-56.5446741590712,-29.5530222222218,191
1103618,-56.0078741590712,-29.5577222222219,191
1103620,-56.3377741590712,-29.5582222222218,191
1103623,-57.0696741590712,-29.5601222222218,191
1103621,-56.0527741590712,-29.5626222222218,191
1103624,-56.6846741590712,-29.5665222222217,191
10432,-56.8183741590711,-29.5668222222218,191
1103628,-56.5402741590713,-29.5682222222218,191
1103629,-55.7985741590712,-29.5693222222218,191
1103630,-56.3622741590711,-29.5708222222218,191
1103633,-56.3125741590712,-29.5727222222218,191
1103634,-56.6431741590712,-29.5733222222218,191
1103635,-56.4507741590712,-29.5742222222217,191
1103636,-56.5343741590712,-29.5798222222218,191
1103639,-56.0120741590712,-29.5800222222218,191
1103640,-55.7421741590712,-29.5820222222218,191
1103644,-56.1993741590712,-29.5846222222218,191
1103642,-56.7986741590711,-29.5847222222218,191
1103645,-55.8070741590712,-29.5864222222218,191
1103646,-55.7823741590712,-29.5875222222218,191
1103651,-55.6995741590712,-29.5951222222218,191
1103653,-55.8502741590711,-29.5973222222218,191
1103663,-56.0610741590712,-29.5989222222219,191
1103656,-56.5402741590713,-29.5996222222219,191
1103666,-56.6270741590712,-29.6013222222218,191
1103667,-56.1592741590712,-29.6015222222218,191
1103659,-55.9001741590712,-29.6016222222217,191
1103669,-56.3236741590712,-29.6040222222218,191
1103671,-55.9707741590711,-29.6053222222218,191
1103673,-55.8096741590712,-29.6061222222218,191
1103675,-55.9867741590712,-29.6094222222218,191
1103684,-55.6623741590712,-29.6111222222218,191
1103686,-55.7247741590712,-29.6112222222218,191
1103691,-57.3668741590712,-29.6124222222218,191
1103693,-56.0797741590712,-29.6144222222218,191
1103692,-56.6490741590712,-29.6146222222217,191
1103699,-55.7791741590712,-29.6193222222219,191
1103707,-56.2674741590712,-29.6230222222218,191
1103704,-56.3052741590712,-29.6232222222218,191
1103706,-56.4057741590713,-29.6236222222217,191
1103710,-55.7030741590712,-29.6266222222218,191
1103718,-56.6915741590713,-29.6289222222218,191
1103713,-56.4436741590712,-29.6299222222218,191
1103715,-56.7224741590712,-29.6300222222218,191
1103719,-56.4747741590712,-29.6310222222218,191
1103722,-56.2460741590712,-29.6330222222218,191
1103726,-56.0664741590712,-29.6338222222219,191
1103731,-57.1114741590712,-29.6353222222218,191
1103729,-55.9250741590712,-29.6354222222218,191
121387,-57.2715741590712,-29.6386222222218,191
1103734,-55.9711741590712,-29.6396222222218,191
1103733,-56.3977741590712,-29.6399222222218,191
1103735,-55.7221741590712,-29.6402222222218,191
1103739,-56.2999741590712,-29.6409222222218,191
1103742,-55.8055741590712,-29.6418222222218,191
1103736,-56.2614741590711,-29.6419222222218,191
1103746,-56.6141741590712,-29.6433222222217,191
1103749,-55.6631741590712,-29.6435222222217,191
1103748,-55.7497741590713,-29.6438222222218,191
1103753,-56.2880741590712,-29.6443222222218,191
1103754,-55.7614741590712,-29.6443222222218,191
1103752,-56.7229741590712,-29.6466222222218,191
1103751,-56.5455741590712,-29.6469222222218,191
1103764,-57.2431741590712,-29.6497222222218,191
1103767,-56.5128741590711,-29.6509222222218,191
1103761,-56.0151741590712,-29.6509222222218,191
1103763,-56.4793741590712,-29.6510222222219,191
1103766,-56.7626741590713,-29.6512222222217,191
121388,-57.0223741590712,-29.6516222222218,191
1103776,-55.9257741590712,-29.6557222222217,191
1103780,-57.7339741590712,-29.6563222222218,191
1103786,-56.2455741590712,-29.6617222222218,191
1103800,-56.2381741590712,-29.6640222222218,191
1103788,-56.6181741590712,-29.6643222222218,191
1103798,-56.1268741590712,-29.6664222222219,191
1103795,-56.4152741590713,-29.6680222222218,191
1103808,-56.6616741590713,-29.6739222222218,191
1103812,-55.7444741590712,-29.6746222222218,191
1103809,-56.2081741590712,-29.6747222222218,191
1103817,-56.2178741590712,-29.6771222222218,191
1103822,-56.4629741590711,-29.6804222222218,191
1103823,-55.9214741590712,-29.6819222222218,191
1103826,-56.3459741590712,-29.6873222222218,191
1103834,-56.1446741590712,-29.6890222222218,191
1103836,-56.2453741590712,-29.6900222222218,191
1103846,-56.4566741590712,-29.6978222222218,191
1103851,-56.0935741590712,-29.6979222222217,191
1103845,-56.2267741590712,-29.6985222222218,191
1103848,-56.8722741590712,-29.6995222222218,191
1103856,-55.7723741590712,-29.7045222222218,191
1103862,-56.5026741590711,-29.7058222222219,191
1103865,-56.1455741590711,-29.7076222222219,191
1103870,-56.6873741590712,-29.7095222222218,191
1103868,-56.5747741590712,-29.7096222222218,191
1103873,-55.6440741590712,-29.7112222222218,191
1103875,-56.8479741590711,-29.7127222222218,191
1103880,-55.7562741590712,-29.7155222222218,191
1103884,-56.7460741590712,-29.7160222222219,191
1103899,-56.6092741590712,-29.7197222222218,191
1103900,-56.3445741590712,-29.7242222222218,191
1103905,-55.6389741590712,-29.7250222222218,191
1103903,-57.8038741590712,-29.7264222222218,191
1103904,-56.2319741590712,-29.7264222222218,191
1103912,-55.9130741590712,-29.7282222222218,191
1103911,-55.9656741590712,-29.7288222222218,191
1103915,-56.6317741590713,-29.7300222222217,191
1103924,-56.4941741590712,-29.7362222222218,191
1103925,-55.9616741590712,-29.7375222222219,191
1103938,-56.1573741590712,-29.7440222222218,191
1103949,-56.5369741590712,-29.7485222222218,191
1103955,-56.1286741590712,-29.7513222222218,191
1103953,-55.6654741590712,-29.7531222222218,191
1103961,-56.7717741590712,-29.7563222222218,191
1103960,-55.9970741590712,-29.7571222222218,191
1103968,-55.8454741590712,-29.7588222222218,191
1103972,-55.9219741590712,-29.7629222222218,191
121405,-57.7261741590712,-29.7657222222218,191
1103987,-56.1718741590713,-29.7703222222218,191
1103994,-56.1060741590712,-29.7752222222218,191
1103993,-56.6654741590712,-29.7753222222218,191
1103995,-55.9442741590713,-29.7754222222218,191
1103996,-55.7299741590712,-29.7758222222218,191
1104000,-55.6657741590712,-29.7766222222218,191
1104005,-56.5371741590712,-29.7780222222218,191
121408,-55.9900741590712,-29.7807222222218,191
1104008,-56.6373741590712,-29.7840222222218,191
1104010,-56.5703741590712,-29.7840222222218,191
1104012,-56.3500741590712,-29.7854222222218,191
1104021,-56.1102741590712,-29.7858222222218,191
1104043,-57.2332741590712,-29.7903222222218,191
1104034,-56.1788741590713,-29.7908222222218,191
1104045,-56.9189741590712,-29.7936222222217,191
1104046,-56.3495741590712,-29.7940222222218,191
1104050,-55.6861741590712,-29.7943222222218,191
1104053,-55.9017741590712,-29.7958222222218,191
1104057,-55.9321741590712,-29.7977222222218,191
1104059,-55.9481741590712,-29.7980222222218,191
1104058,-55.9879741590711,-29.7990222222218,191
1104061,-56.6305741590712,-29.7999222222218,191
1104060,-56.3194741590712,-29.8004222222218,191
1104074,-57.5283741590712,-29.8057222222218,191
1104076,-56.9876741590712,-29.8073222222218,191
1104078,-55.7100741590712,-29.8079222222218,191
1104077,-56.4692741590712,-29.8082222222218,191
121411,-57.5383741590712,-29.8130222222218,191
1104087,-56.4333741590712,-29.8133222222217,191
1104092,-55.9372741590713,-29.8144222222218,191
1104095,-55.9859741590712,-29.8149222222218,191
1104097,-56.8172741590712,-29.8156222222217,191
1104099,-56.5325741590711,-29.8170222222219,191
1104103,-57.0343741590712,-29.8172222222218,191
1104104,-55.9564741590712,-29.8190222222218,191
1104105,-55.9248741590711,-29.8192222222218,191
1104107,-56.9593741590712,-29.8195222222218,191
1104110,-56.2828741590712,-29.8217222222218,191
1104111,-56.2514741590712,-29.8234222222218,191
1104115,-57.0218741590712,-29.8239222222218,191
1104116,-56.6422741590712,-29.8246222222218,191
1104120,-56.1556741590712,-29.8255222222218,191
1104125,-56.6849741590712,-29.8289222222218,191
1104126,-55.9891741590712,-29.8299222222218,191
1104128,-56.8704741590711,-29.8301222222218,191
1104134,-56.2134741590712,-29.8316222222218,191
1104138,-56.2851741590712,-29.8348222222218,191
1104143,-57.7548741590712,-29.8374222222218,191
121418,-57.2381741590712,-29.8433222222218,191
1104150,-55.8918741590712,-29.8435222222218,191
1104158,-56.8279741590712,-29.8477222222218,191
1104162,-56.2635741590712,-29.8488222222218,191
1104164,-57.0216741590712,-29.8489222222219,191
1104166,-55.9934741590712,-29.8504222222218,191
1104165,-56.0911741590712,-29.8512222222218,191
1104171,-56.8184741590712,-29.8521222222218,191
1104173,-56.9274741590712,-29.8524222222218,191
1104167,-56.7835741590712,-29.8524222222218,191
1104178,-55.9516741590712,-29.8532222222217,191
1104172,-56.6807741590712,-29.8540222222218,191
1104177,-56.5234741590712,-29.8542222222218,191
1104179,-56.7078741590713,-29.8547222222218,191
1104181,-56.5596741590712,-29.8571222222218,191
1104183,-56.7137741590712,-29.8576222222218,191
1104186,-56.4888741590711,-29.8577222222218,191
1104189,-56.9574741590712,-29.8582222222219,191
1104187,-56.5388741590712,-29.8598222222218,191
1104196,-56.2400741590711,-29.8625222222218,191
1104200,-56.7632741590712,-29.8638222222218,191
1104205,-56.7791741590711,-29.8662222222217,191
121423,-56.3868741590712,-29.8670222222218,191
1104211,-56.7585741590712,-29.8687222222218,191
1104215,-56.5607741590712,-29.8702222222219,191
1104216,-56.6846741590712,-29.8708222222218,191
1104220,-55.9711741590712,-29.8717222222218,191
1104221,-56.6505741590712,-29.8736222222219,191
1104227,-56.6686741590711,-29.8749222222218,191
1104235,-56.2864741590712,-29.8765222222218,191
1104239,-56.6255741590712,-29.8789222222218,191
1104242,-57.2701741590712,-29.8809222222218,191
1104240,-57.1288741590712,-29.8815222222218,191
1104259,-57.2446741590712,-29.8846222222218,191
1104258,-57.3376741590712,-29.8851222222218,191
1104252,-57.3175741590712,-29.8851222222218,191
1104245,-56.2817741590712,-29.8854222222218,191
1104253,-56.9571741590711,-29.8855222222218,191
1104262,-56.1016741590713,-29.8893222222218,191
1104261,-56.3367741590712,-29.8896222222218,191
1104269,-56.1739741590712,-29.8930222222218,191
1104272,-55.6854741590712,-29.8946222222218,191
1104271,-56.7742741590712,-29.8949222222217,191
1104278,-56.2605741590712,-29.8977222222218,191
1104283,-56.5194741590713,-29.9013222222218,191
1104285,-57.3365741590712,-29.9025222222218,191
1104291,-57.2401741590712,-29.9057222222218,191
1104294,-56.3709741590712,-29.9061222222218,191
1104298,-56.2417741590711,-29.9063222222218,191
1104293,-56.3993741590711,-29.9069222222218,191
1104307,-56.8951741590712,-29.9097222222218,191
1104313,-56.6925741590712,-29.9107222222218,191
1104310,-56.3071741590712,-29.9112222222218,191
1104322,-56.5157741590712,-29.9145222222218,191
1104327,-56.8438741590712,-29.9158222222218,191
1104331,-56.7500741590712,-29.9177222222218,191
1104338,-55.6674741590712,-29.9192222222218,191
1104334,-57.0978741590711,-29.9200222222218,191
1104336,-56.3463741590712,-29.9205222222218,191
1104339,-56.7989741590712,-29.9210222222218,191
1104337,-56.2212741590712,-29.9217222222218,191
1104340,-56.5485741590712,-29.9222222222218,191
1104343,-56.1244741590712,-29.9241222222218,191
1104344,-56.6724741590712,-29.9268222222219,191
1104350,-56.6923741590712,-29.9276222222218,191
1104360,-56.9861741590711,-29.9290222222218,191
1104352,-56.1824741590711,-29.9294222222218,191
1104345,-56.6045741590712,-29.9297222222218,191
121435,-57.0412741590711,-29.9306222222218,191
1104362,-57.1828741590711,-29.9316222222218,191
1104354,-55.6636741590712,-29.9327222222219,191
1104366,-56.5703741590712,-29.9331222222218,191
1104369,-56.6862741590712,-29.9336222222218,191
1104367,-56.4413741590712,-29.9339222222218,191
121438,-57.7149741590712,-29.9371222222218,191
1104382,-56.9506741590712,-29.9371222222218,191
1104379,-56.0848741590712,-29.9384222222218,191
1104391,-57.1373741590712,-29.9405222222217,191
1104400,-57.3154741590712,-29.9413222222218,191
1104384,-57.3103741590712,-29.9414222222218,191
1104401,-56.9649741590712,-29.9417222222218,191
1104393,-57.0126741590712,-29.9423222222218,191
1104394,-56.2309741590713,-29.9427222222218,191
1104403,-57.1639741590711,-29.9428222222218,191
1104414,-56.0669741590712,-29.9445222222218,191
1104406,-56.8415741590712,-29.9469222222218,191
1104413,-57.2198741590712,-29.9480222222218,191
1104427,-55.8894741590713,-29.9516222222218,191
1104431,-56.3982741590712,-29.9525222222218,191
1104432,-55.9399741590712,-29.9528222222218,191
1104434,-56.5201741590712,-29.9537222222218,191
1104440,-56.8203741590712,-29.9584222222218,191
1104456,-55.9116741590713,-29.9603222222218,191
1104450,-56.6747741590712,-29.9605222222218,191
1104454,-56.8989741590712,-29.9610222222218,191
1104460,-56.8744741590712,-29.9612222222217,191
1104472,-57.3172741590712,-29.9623222222218,191
1104463,-57.0874741590712,-29.9627222222218,191
1104443,-57.1777741590712,-29.9633222222218,191
1104467,-56.5009741590712,-29.9651222222219,191
1104457,-57.2089741590712,-29.9653222222218,191
1104465,-57.0027741590712,-29.9653222222218,191
1104470,-56.2962741590712,-29.9685222222218,191
1104469,-57.3353741590712,-29.9686222222218,191
1104477,-56.1264741590712,-29.9702222222218,191
1104485,-57.1253741590712,-29.9732222222218,191
1104497,-58.0791741590712,-29.9738222222218,191
1104492,-55.9875741590712,-29.9780222222218,191
1104498,-56.6178741590712,-29.9798222222219,191
1104496,-56.3785741590712,-29.9802222222218,191
1104502,-55.6836741590712,-29.9833222222218,191
1104501,-56.3407741590711,-29.9837222222218,191
1104500,-57.2419741590711,-29.9848222222219,191
1104504,-57.3236741590712,-29.9853222222218,191
1104507,-56.9696741590712,-29.9871222222218,191
1104508,-56.4401741590712,-29.9871222222218,191
1104509,-56.1497741590712,-29.9877222222218,191
1104516,-57.1456741590712,-29.9882222222218,191
1104520,-57.1073741590712,-29.9923222222218,191
1104521,-56.2621741590712,-29.9923222222218,191
1104527,-58.3723741590712,-29.9932222222218,191
1104532,-56.2011741590712,-29.9954222222217,191
1104542,-57.1553741590712,-29.9974222222218,191
1104546,-56.2983741590712,-29.9994222222218,191
1104547,-57.2952741590713,-29.9998222222218,191
121451,-56.9113741590712,-30.0079222222218,191
1104561,-56.1830741590712,-30.0079222222218,191
1104563,-56.6627741590711,-30.0100222222218,191
1104573,-56.2324741590712,-30.0110222222218,191
1104572,-56.5881741590712,-30.0112222222218,191
1104578,-56.6484741590712,-30.0124222222218,191
1104586,-56.1185741590712,-30.0124222222218,191
1104581,-55.7951741590712,-30.0149222222218,191
1104582,-57.1807741590712,-30.0157222222218,191
121455,-57.0840741590712,-30.0163222222218,191
1104592,-56.7852741590712,-30.0191222222218,191
1104595,-57.0760741590713,-30.0192222222219,191
1104605,-57.3689741590712,-30.0238222222217,191
1104602,-57.3783741590711,-30.0241222222218,191
1104604,-55.6467741590712,-30.0262222222218,191
1104624,-57.0938741590712,-30.0293222222218,191
1104622,-57.2680741590712,-30.0296222222218,191
1104629,-57.1911741590712,-30.0308222222218,191
1104630,-56.1730741590712,-30.0313222222218,191
1104625,-56.4528741590712,-30.0314222222218,191
1104637,-57.1700741590712,-30.0321222222218,191
1104633,-56.9491741590712,-30.0349222222218,191
1104642,-56.6039741590712,-30.0363222222218,191
1104647,-56.0989741590712,-30.0385222222218,191
1104653,-56.4342741590711,-30.0392222222218,191
1104655,-56.8889741590712,-30.0396222222218,191
1104669,-57.1462741590711,-30.0410222222218,191
1104662,-56.5496741590712,-30.0418222222218,191
1104663,-57.1961741590712,-30.0420222222218,191
1104664,-57.0246741590712,-30.0422222222218,191
1104687,-56.9826741590712,-30.0519222222218,191
1104697,-57.0310741590712,-30.0553222222218,191
1104699,-56.5081741590712,-30.0555222222218,191
1104709,-57.3570741590712,-30.0588222222218,191
1104712,-56.2500741590712,-30.0598222222218,191
1104714,-56.4187741590712,-30.0600222222218,191
1104713,-57.2780741590713,-30.0603222222218,191
1104715,-56.6126741590712,-30.0606222222218,191
1104722,-56.8269741590713,-30.0637222222218,191
1104725,-57.1964741590712,-30.0647222222217,191
1104726,-56.1891741590712,-30.0649222222217,191
1104729,-56.9504741590712,-30.0659222222218,191
1104734,-56.6807741590712,-30.0719222222218,191
1104736,-57.7034741590712,-30.0729222222218,191
1104737,-56.7953741590712,-30.0732222222218,191
1104753,-57.3059741590712,-30.0766222222218,191
1104771,-56.4673741590713,-30.0831222222218,191
1104785,-57.3269741590713,-30.0913222222218,191
1104801,-56.1306741590712,-30.0968222222218,191
1104804,-56.6901741590711,-30.0987222222218,191
1104808,-57.3484741590711,-30.0989222222218,191
1104817,-57.2815741590712,-30.1029222222218,191
1104834,-57.2970741590713,-30.1101222222218,191
1104840,-57.3066741590712,-30.1130222222218,191
1104841,-56.6525741590712,-30.1156222222218,191
1104845,-56.6570741590712,-30.1163222222218,191
1104856,-56.1732741590712,-30.1179222222218,191
1104857,-55.8525741590711,-30.1179222222218,191
1104860,-57.3806741590711,-30.1192222222218,191
1104864,-56.5438741590712,-30.1210222222218,191
1104873,-57.2489741590711,-30.1233222222218,191
1104868,-57.4206741590712,-30.1245222222217,191
1104884,-56.1312741590712,-30.1328222222218,191
1104901,-56.0755741590712,-30.1404222222218,191
1104902,-58.6481741590712,-30.1406222222218,191
1104904,-57.3054741590712,-30.1412222222218,191
1104903,-57.3280741590712,-30.1413222222218,191
1104915,-56.1648741590712,-30.1460222222219,191
1104929,-57.3493741590712,-30.1493222222218,191
1104942,-56.6570741590712,-30.1537222222219,191
1104939,-57.2001741590712,-30.1559222222218,191
1104943,-57.0401741590712,-30.1580222222218,191
1104950,-57.3558741590712,-30.1594222222218,191
1104956,-56.0577741590712,-30.1640222222218,191
1104958,-57.4633741590712,-30.1672222222218,191
1104974,-57.4100741590711,-30.1726222222218,191
1104989,-56.0806741590712,-30.1768222222219,191
1105010,-57.3564741590711,-30.1873222222218,191
1105012,-57.2086741590712,-30.1897222222218,191
1105038,-56.1779741590713,-30.1988222222218,191
1105043,-56.2876741590712,-30.2034222222218,191
1105055,-57.3042741590712,-30.2065222222218,191
121483,-57.1975741590712,-30.2076222222219,191
1105065,-57.9335741590712,-30.2119222222218,191
1105067,-56.0315741590712,-30.2136222222218,191
1105075,-57.0860741590712,-30.2168222222218,191
1105098,-56.1723741590712,-30.2276222222218,191
1105115,-57.2647741590712,-30.2288222222218,191
1105112,-57.4087741590712,-30.2330222222218,191
1105107,-57.2344741590712,-30.2339222222218,191
1105122,-56.5593741590712,-30.2374222222218,191
1105121,-56.1455741590711,-30.2387222222218,191
1105126,-56.2530741590712,-30.2397222222218,191
1105135,-58.2180741590712,-30.2420222222217,191
1105134,-57.4074741590712,-30.2426222222218,191
1105133,-57.4409741590712,-30.2429222222218,191
1105136,-55.7376741590712,-30.2453222222218,191
1105146,-57.9534741590712,-30.2458222222218,191
1105147,-56.2109741590712,-30.2460222222218,191
1105148,-57.8823741590712,-30.2469222222218,191
1105144,-55.9950741590712,-30.2469222222218,191
1105138,-56.0514741590712,-30.2510222222218,191
1105158,-57.4571741590711,-30.2575222222218,191
1105161,-57.2341741590712,-30.2591222222218,191
1105162,-57.2172741590712,-30.2592222222218,191
1105169,-56.0248741590713,-30.2622222222219,191
1105170,-56.1093741590713,-30.2659222222218,191
1105178,-56.1023741590712,-30.2710222222218,191
1105189,-56.1340741590712,-30.2766222222218,191
1105191,-56.2896741590712,-30.2786222222218,191
1105200,-57.4744741590712,-30.2887222222218,191
1105207,-56.2383741590712,-30.2953222222218,191
1105215,-56.7880741590712,-30.3009222222218,191
1105217,-58.3807741590712,-30.3028222222218,191
1105223,-57.3233741590712,-30.3046222222218,191
1105225,-56.9370741590712,-30.3064222222218,191
1105224,-57.4549741590711,-30.3071222222218,191
1105226,-56.0876741590712,-30.3071222222218,191
1105239,-57.9663741590711,-30.3161222222218,191
1105238,-55.8825741590712,-30.3171222222218,191
1105237,-57.5241741590712,-30.3173222222218,191
1105241,-57.5414741590712,-30.3186222222218,191
1105242,-55.8532741590712,-30.3193222222217,191
1105254,-57.2284741590711,-30.3221222222218,191
1105258,-55.8838741590712,-30.3264222222218,191
1105260,-57.4588741590712,-30.3272222222218,191
1105261,-57.5030741590712,-30.3295222222218,191
1105264,-57.2561741590712,-30.3306222222218,191
1105269,-56.9341741590712,-30.3319222222218,191
1105272,-57.5738741590712,-30.3339222222218,191
1105286,-57.2350741590712,-30.3459222222218,191
1105285,-57.4268741590712,-30.3482222222218,191
1105292,-57.0816741590712,-30.3488222222218,191
1105290,-55.8981741590712,-30.3505222222218,191
1105287,-57.9072741590711,-30.3520222222218,191
1105295,-57.2931741590712,-30.3523222222218,191
1105298,-56.6244741590712,-30.3576222222218,191
1105297,-57.3637741590712,-30.3582222222219,191
1105306,-56.7977741590712,-30.3606222222218,191
1105304,-55.9845741590712,-30.3624222222218,191
1105303,-57.1145741590713,-30.3636222222218,191
1105319,-57.2637741590712,-30.3707222222218,191
1105321,-57.1690741590712,-30.3710222222218,191
1105326,-57.5622741590712,-30.3755222222218,191
1105328,-57.9774741590712,-30.3788222222219,191
1105329,-56.9444741590711,-30.3788222222219,191
1105346,-57.7473741590712,-30.3867222222218,191
1105342,-58.4067741590711,-30.3870222222218,191
1105344,-55.9716741590712,-30.3887222222218,191
1105352,-57.2752741590712,-30.3914222222218,191
1105350,-57.7530741590712,-30.3926222222217,191
1105364,-57.7472741590712,-30.3936222222217,191
1105358,-57.0307741590713,-30.3947222222218,191
1105366,-58.2745741590712,-30.3970222222218,191
1105368,-58.4828741590712,-30.3982222222218,191
1105380,-57.6683741590712,-30.4106222222218,191
1105385,-57.2345741590712,-30.4115222222218,191
1105387,-57.7786741590712,-30.4131222222218,191
1105388,-57.5958741590712,-30.4140222222218,191
1105393,-57.6764741590712,-30.4165222222218,191
1105389,-56.8666741590712,-30.4171222222218,191
1105397,-57.6533741590712,-30.4217222222218,191
1105408,-57.6605741590712,-30.4314222222218,191
1105415,-57.4166741590712,-30.4389222222218,191
1105426,-55.9862741590712,-30.4487222222218,191
1105425,-57.6202741590712,-30.4490222222218,191
121520,-57.7797741590712,-30.4513222222218,191
1105433,-57.3918741590712,-30.4565222222218,191
1105439,-58.8605741590712,-30.4607222222218,191
1105443,-58.8413741590712,-30.4609222222218,191
1105440,-57.5789741590712,-30.4612222222217,191
1105444,-57.4616741590712,-30.4633222222218,191
1105449,-57.3031741590712,-30.4710222222218,191
121522,-57.8311741590712,-30.4791222222217,191
1105473,-57.5892741590712,-30.4947222222218,191
1105472,-57.1601741590712,-30.4982222222218,191
1105482,-57.2803741590712,-30.5007222222218,191
1105485,-57.4041741590712,-30.5012222222218,191
1105489,-57.1140741590712,-30.5041222222218,191
121151,-52.796223253038,-27.9837888888885,191
1101911,-52.822223253038,-28.0158888888885,191
1101939,-54.431823253038,-28.0503888888885,191
1101961,-54.0744232530379,-28.0686888888885,191
1101968,-53.136823253038,-28.0736888888886,191
1101976,-53.604923253038,-28.0789888888885,191
1102011,-53.4605232530379,-28.0991888888885,191
1102015,-53.008723253038,-28.1022888888886,191
1102149,-52.416723253038,-28.2222888888886,191
1102243,-55.473923253038,-28.3107888888886,191
1102270,-55.4501232530379,-28.3443888888885,191
1102315,-55.541323253038,-28.3976888888885,191
1102342,-52.4710232530379,-28.4265888888885,191
1102347,-52.4648232530379,-28.4356888888885,191
1102389,-55.2569232530379,-28.4717888888885,191
10415,-52.503823253038,-28.4738888888886,191
1102399,-55.531023253038,-28.4836888888885,191
1102427,-55.6267232530379,-28.5130888888884,191
1102481,-55.441323253038,-28.5668888888886,191
1102499,-54.4474232530379,-28.5810888888885,191
1102505,-53.428723253038,-28.5833888888885,191
1102519,-55.5466232530379,-28.5936888888885,191
121232,-55.4825232530379,-28.6022888888886,191
1102533,-55.3992232530379,-28.6059888888885,191
1102554,-55.6109232530379,-28.6286888888885,191
1102587,-55.591323253038,-28.6666888888885,191
1102639,-55.621323253038,-28.7220888888885,191
1102654,-55.607623253038,-28.7330888888885,191
1102686,-55.5524232530379,-28.7585888888885,191
1102704,-55.4409232530379,-28.7676888888885,191
1102720,-53.506723253038,-28.7841888888885,191
1102733,-53.756323253038,-28.7899888888885,191
1102737,-55.424523253038,-28.7911888888885,191
1102753,-55.5124232530379,-28.8041888888885,191
1102765,-55.379123253038,-28.8124888888885,191
1102795,-55.488923253038,-28.8311888888886,191
1102815,-55.617023253038,-28.8469888888885,191
1102844,-55.350823253038,-28.8682888888885,191
1102845,-55.465923253038,-28.8705888888886,191
1102863,-55.5591232530379,-28.8896888888885,191
1102891,-55.4938232530379,-28.9081888888885,191
1102913,-55.490123253038,-28.9212888888885,191
1102912,-55.406823253038,-28.9248888888885,191
961,-53.144523253038,-28.9285888888885,191
1102938,-54.212523253038,-28.9419888888884,191
1102937,-55.581723253038,-28.9422888888885,191
1102965,-55.360723253038,-28.9586888888886,191
1102971,-54.332223253038,-28.9644888888885,191
1102981,-55.351723253038,-28.9670888888886,191
1103004,-55.586223253038,-28.9829888888885,191
1103005,-55.5606232530379,-28.9839888888885,191
1103010,-55.524623253038,-28.9877888888885,191
1103082,-55.593823253038,-29.0464888888885,191
1103108,-55.6019232530379,-29.0696888888885,191
121306,-53.198423253038,-29.0783888888885,191
1103123,-53.864023253038,-29.0803888888885,191
1103185,-54.858023253038,-29.1365888888885,191
1103193,-55.6013232530379,-29.1430888888885,191
1103233,-55.2304232530379,-29.1803888888886,191
121333,-53.234723253038,-29.2568888888886,191
10431,-53.2525232530379,-29.4251888888886,191
1103474,-55.531723253038,-29.4472888888885,191
121365,-53.7415232530379,-29.4981888888885,191
1103647,-55.049323253038,-29.5879888888886,191
1103668,-54.5654232530379,-29.6031888888886,191
1103703,-54.0076232530379,-29.6220888888885,191
1103727,-54.507623253038,-29.6308888888885,191
1103778,-54.062123253038,-29.6548888888885,191
1103770,-55.5720232530379,-29.6553888888885,191
1103782,-54.080423253038,-29.6591888888885,191
1103790,-54.272923253038,-29.6625888888885,191
1103789,-54.666023253038,-29.6626888888885,191
121391,-54.546023253038,-29.6647888888886,191
1103796,-55.250823253038,-29.6667888888886,191
1103804,-55.015723253038,-29.6712888888885,191
1103806,-53.783023253038,-29.6727888888885,191
1103810,-54.732323253038,-29.6759888888885,191
1103811,-53.403123253038,-29.6760888888886,191
1103828,-53.402423253038,-29.6856888888885,191
1103825,-54.8105232530379,-29.6864888888886,191
1103829,-54.2816232530379,-29.6879888888885,191
1103841,-55.545523253038,-29.6919888888885,191
121396,-54.3958232530379,-29.6932888888886,191
1103864,-54.130923253038,-29.7077888888886,191
1103866,-55.5461232530379,-29.7084888888886,191
1103867,-54.2350232530379,-29.7084888888886,191
1103888,-53.606723253038,-29.7139888888885,191
1103891,-53.8393232530379,-29.7199888888886,191
1103893,-53.425723253038,-29.7200888888885,191
1103901,-54.709323253038,-29.7224888888886,191
1103896,-54.225823253038,-29.7226888888886,191
1103910,-54.260923253038,-29.7278888888885,191
1103918,-53.596223253038,-29.7311888888885,191
1103917,-54.752523253038,-29.7312888888885,191
1103921,-55.194523253038,-29.7337888888885,191
1103928,-54.924923253038,-29.7362888888885,191
1103934,-52.7513232530379,-29.7397888888885,191
1103933,-52.905123253038,-29.7398888888885,191
1103940,-53.1951232530379,-29.7438888888885,191
1103941,-54.7427232530379,-29.7450888888885,191
1103946,-53.1281232530379,-29.7463888888885,191
1103950,-52.715823253038,-29.7486888888885,191
1103956,-54.262923253038,-29.7506888888885,191
1103957,-52.902323253038,-29.7517888888885,191
1103969,-53.177523253038,-29.7601888888885,191
1103970,-54.758523253038,-29.7602888888886,191
1103974,-54.715223253038,-29.7607888888886,191
1103973,-54.459123253038,-29.7627888888886,191
1103975,-54.894523253038,-29.7635888888885,191
1103979,-54.318623253038,-29.7672888888885,191
1103984,-54.254523253038,-29.7680888888885,191
1103990,-54.609823253038,-29.7692888888885,191
1103988,-54.7479232530379,-29.7704888888885,191
1103992,-52.766123253038,-29.7729888888886,191
1103980,-52.643823253038,-29.7742888888885,191
1103997,-54.445923253038,-29.7761888888885,191
1103998,-53.834623253038,-29.7766888888885,191
1104001,-54.470623253038,-29.7773888888885,191
1104004,-54.867823253038,-29.7788888888885,191
1104009,-54.269723253038,-29.7817888888884,191
1104007,-54.3881232530379,-29.7821888888885,191
1104011,-53.9378232530379,-29.7822888888886,191
1104013,-52.761223253038,-29.7837888888885,191
1104019,-54.297023253038,-29.7846888888885,191
1104018,-54.4175232530379,-29.7851888888885,191
1104027,-52.9024232530379,-29.7870888888885,191
1104023,-54.466323253038,-29.7877888888885,191
1104025,-54.322423253038,-29.7886888888885,191
1104038,-54.9512232530379,-29.7906888888886,191
1104041,-53.951523253038,-29.7932888888885,191
1104044,-53.0171232530379,-29.7934888888885,191
1104048,-53.748723253038,-29.7937888888886,191
1104039,-53.304623253038,-29.7937888888886,191
1104047,-54.820823253038,-29.7948888888885,191
1104055,-54.694423253038,-29.7949888888886,191
1104073,-54.480923253038,-29.8028888888885,191
1104068,-53.753423253038,-29.8035888888885,191
1104071,-53.439623253038,-29.8048888888885,191
1104070,-52.736723253038,-29.8048888888885,191
1104079,-54.2504232530379,-29.8073888888885,191
1104080,-53.769123253038,-29.8083888888885,191
1104084,-53.5114232530379,-29.8102888888885,191
1104083,-54.284523253038,-29.8104888888884,191
1104081,-52.9390232530379,-29.8105888888885,191
1104085,-53.478823253038,-29.8116888888885,191
1104088,-54.976723253038,-29.8146888888886,191
1104100,-54.256523253038,-29.8161888888885,191
1104101,-53.831323253038,-29.8177888888885,191
1104108,-55.143423253038,-29.8185888888885,191
1104109,-54.1799232530379,-29.8205888888885,191
1104122,-53.736723253038,-29.8242888888885,191
121412,-54.5260232530379,-29.8246888888885,191
1104117,-54.997723253038,-29.8251888888885,191
1104121,-53.8153232530379,-29.8251888888885,191
1104118,-53.155823253038,-29.8256888888884,191
1104127,-54.3467232530379,-29.8315888888885,191
1104133,-54.498623253038,-29.8320888888886,191
1104135,-52.777223253038,-29.8346888888884,191
1104139,-54.206223253038,-29.8358888888885,191
1104141,-53.337023253038,-29.8383888888885,191
1104144,-55.177323253038,-29.8388888888886,191
1104146,-52.989423253038,-29.8405888888885,191
1104151,-54.576023253038,-29.8434888888885,191
1104152,-53.922623253038,-29.8437888888885,191
1104157,-53.176823253038,-29.8470888888885,191
1104169,-55.002623253038,-29.8472888888886,191
1104170,-52.668423253038,-29.8502888888885,191
1104163,-52.653423253038,-29.8505888888885,191
1104174,-54.975523253038,-29.8523888888885,191
1104176,-53.174223253038,-29.8534888888885,191
1104180,-54.618823253038,-29.8573888888885,191
1104185,-55.0728232530379,-29.8574888888885,191
1104219,-54.570423253038,-29.8702888888885,191
1104217,-53.3049232530379,-29.8703888888885,191
1104223,-55.1152232530379,-29.8720888888885,191
1104224,-53.649523253038,-29.8740888888884,191
1104230,-53.687123253038,-29.8748888888885,191
1104229,-54.743023253038,-29.8756888888885,191
1104233,-53.293323253038,-29.8759888888885,191
1104237,-54.0846232530379,-29.8779888888885,191
1104257,-55.132923253038,-29.8834888888886,191
1104254,-54.968823253038,-29.8880888888885,191
1104264,-54.718923253038,-29.8903888888885,191
1104275,-52.839623253038,-29.8928888888885,191
1104274,-54.093523253038,-29.8942888888885,191
1104286,-54.1774232530379,-29.9030888888885,191
1104287,-54.134923253038,-29.9038888888885,191
1104296,-53.387823253038,-29.9048888888885,191
1104308,-53.063323253038,-29.9056888888886,191
1104295,-53.955123253038,-29.9062888888885,191
1104300,-53.169423253038,-29.9065888888885,191
1104299,-54.0285232530379,-29.9077888888885,191
1104317,-53.305023253038,-29.9097888888885,191
1104311,-54.420923253038,-29.9109888888885,191
1104325,-52.832923253038,-29.9119888888885,191
121431,-53.571523253038,-29.9141888888885,191
1104316,-53.5452232530379,-29.9141888888885,191
1104318,-54.106623253038,-29.9142888888885,191
1104328,-54.002523253038,-29.9180888888885,191
1104323,-54.825123253038,-29.9181888888886,191
1104333,-53.2076232530379,-29.9183888888886,191
1104335,-53.4822232530379,-29.9206888888885,191
1104341,-54.882923253038,-29.9231888888885,191
1104347,-52.410623253038,-29.9256888888885,191
121434,-53.189123253038,-29.9271888888886,191
1104351,-55.1312232530379,-29.9277888888885,191
1104361,-54.858123253038,-29.9303888888886,191
1104363,-53.5128232530379,-29.9325888888885,191
1104370,-54.783223253038,-29.9334888888885,191
1104368,-55.155423253038,-29.9335888888886,191
1104373,-54.115323253038,-29.9349888888885,191
1104374,-53.8325232530379,-29.9354888888885,191
1104375,-55.009623253038,-29.9362888888885,191
1104377,-54.888523253038,-29.9369888888885,191
1104378,-53.612423253038,-29.9373888888886,191
1104380,-54.061423253038,-29.9379888888885,191
1104385,-55.077523253038,-29.9390888888885,191
1104402,-54.879023253038,-29.9427888888885,191
1104407,-54.063523253038,-29.9435888888885,191
1104408,-53.102023253038,-29.9445888888885,191
1104418,-55.037223253038,-29.9476888888885,191
1104439,-54.735023253038,-29.9536888888885,191
1104435,-52.7904232530379,-29.9540888888885,191
1104437,-53.3692232530379,-29.9553888888885,191
1104441,-53.0361232530379,-29.9576888888885,191
1104448,-52.764723253038,-29.9587888888885,191
1104451,-55.092723253038,-29.9591888888885,191
1104452,-54.887523253038,-29.9613888888886,191
1104479,-54.928023253038,-29.9720888888885,191
1104480,-53.826723253038,-29.9731888888885,191
1104482,-55.032623253038,-29.9756888888885,191
1104484,-55.048523253038,-29.9758888888885,191
1104483,-55.007923253038,-29.9762888888885,191
1104488,-55.359723253038,-29.9764888888885,191
1104493,-53.694823253038,-29.9785888888886,191
1104503,-54.8796232530379,-29.9829888888885,191
1104499,-52.8620232530379,-29.9831888888885,191
1104506,-54.8229232530379,-29.9874888888885,191
1104522,-55.0649232530379,-29.9913888888885,191
1104523,-54.0183232530379,-29.9925888888885,191
1104524,-53.755323253038,-29.9927888888885,191
1104529,-54.8691232530379,-29.9938888888885,191
1104530,-54.198723253038,-29.9941888888885,191
1104535,-55.135023253038,-29.9944888888886,191
1104533,-55.608723253038,-29.9946888888886,191
1104525,-53.241023253038,-29.9946888888886,191
1104549,-54.8135232530379,-30.0006888888885,191
1104548,-53.255623253038,-30.0015888888885,191
1104551,-54.0597232530379,-30.0021888888886,191
1104550,-54.608023253038,-30.0033888888885,191
1104553,-53.994023253038,-30.0035888888885,191
1104566,-52.755423253038,-30.0043888888885,191
1104554,-53.1149232530379,-30.0045888888885,191
1104556,-53.271623253038,-30.0053888888885,191
1104558,-53.286223253038,-30.0056888888885,191
1104560,-53.9719232530379,-30.0063888888885,191
1104569,-53.201223253038,-30.0108888888885,191
1104574,-53.2525232530379,-30.0111888888886,191
1104576,-53.666823253038,-30.0117888888885,191
1104583,-54.798523253038,-30.0155888888885,191
1104584,-53.7084232530379,-30.0157888888885,191
1104587,-54.988023253038,-30.0167888888885,191
1104599,-54.0644232530379,-30.0221888888885,191
1104601,-53.744323253038,-30.0225888888885,191
1104596,-52.727223253038,-30.0229888888886,191
1104607,-53.964323253038,-30.0235888888885,191
1104610,-53.118423253038,-30.0255888888885,191
1104609,-53.716223253038,-30.0262888888885,191
1104608,-53.9873232530379,-30.0267888888885,191
1104606,-54.765523253038,-30.0268888888885,191
121457,-53.051623253038,-30.0269888888885,191
1104619,-53.5851232530379,-30.0283888888886,191
1104618,-53.726523253038,-30.0293888888885,191
1104621,-53.947423253038,-30.0296888888885,191
1104626,-53.6709232530379,-30.0306888888886,191
1104627,-53.514723253038,-30.0306888888886,191
1104631,-53.605223253038,-30.0316888888884,191
1104613,-52.742423253038,-30.0316888888884,191
1104661,-52.561223253038,-30.0324888888885,191
1104638,-53.2076232530379,-30.0335888888885,191
1104644,-52.373923253038,-30.0352888888885,191
1104649,-54.0135232530379,-30.0365888888886,191
1104636,-53.354023253038,-30.0365888888886,191
1104645,-53.158323253038,-30.0369888888885,191
1104656,-53.6156232530379,-30.0385888888885,191
1104651,-53.551623253038,-30.0386888888885,191
1104643,-53.312223253038,-30.0399888888885,191
1104640,-52.573623253038,-30.0406888888884,191
1104660,-52.610623253038,-30.0410888888886,191
1104665,-54.072223253038,-30.0423888888884,191
1104659,-53.7103232530379,-30.0434888888885,191
1104666,-55.071523253038,-30.0436888888885,191
1104667,-53.820023253038,-30.0443888888885,191
1104677,-53.680323253038,-30.0446888888885,191
1104657,-53.0166232530379,-30.0446888888885,191
1104671,-52.800623253038,-30.0450888888885,191
1104675,-54.1290232530379,-30.0452888888885,191
1104676,-53.832123253038,-30.0467888888886,191
1104678,-55.005223253038,-30.0484888888885,191
1104685,-54.921023253038,-30.0485888888886,191
1104670,-53.166023253038,-30.0486888888885,191
1104680,-55.0479232530379,-30.0495888888885,191
1104673,-53.032723253038,-30.0496888888885,191
1104681,-53.835923253038,-30.0513888888884,191
1104688,-52.754423253038,-30.0524888888885,191
1104689,-52.560423253038,-30.0524888888885,191
1104696,-53.5767232530379,-30.0527888888885,191
1104692,-53.596223253038,-30.0529888888885,191
1104682,-53.039723253038,-30.0529888888885,191
1104693,-55.616023253038,-30.0534888888885,191
1104694,-52.5979232530379,-30.0534888888885,191
1104700,-55.069223253038,-30.0571888888885,191
1104701,-53.846023253038,-30.0577888888885,191
1104706,-53.601423253038,-30.0585888888886,191
1104710,-53.685123253038,-30.0587888888886,191
1104708,-53.049723253038,-30.0590888888885,191
1104702,-52.9695232530379,-30.0601888888885,191
1104707,-53.084623253038,-30.0605888888886,191
1104716,-53.0565232530379,-30.0620888888884,191
1104719,-53.6088232530379,-30.0628888888885,191
1104723,-52.643223253038,-30.0632888888886,191
1104721,-54.079323253038,-30.0633888888885,191
1104727,-53.8355232530379,-30.0653888888885,191
1104728,-54.997423253038,-30.0660888888885,191
1104730,-53.852123253038,-30.0673888888885,191
1104739,-53.7211232530379,-30.0727888888886,191
1104750,-53.446623253038,-30.0727888888886,191
1104735,-54.8519232530379,-30.0729888888885,191
1104740,-53.342223253038,-30.0736888888885,191
1104743,-53.415823253038,-30.0750888888886,191
1104747,-54.023723253038,-30.0754888888886,191
1104742,-53.618523253038,-30.0754888888886,191
1104745,-54.4165232530379,-30.0761888888885,191
1104755,-53.630723253038,-30.0763888888885,191
1104748,-53.5729232530379,-30.0766888888885,191
1104746,-54.085823253038,-30.0772888888884,191
1104754,-53.846123253038,-30.0773888888885,191
1104756,-53.368323253038,-30.0774888888885,191
1104758,-53.772223253038,-30.0783888888885,191
1104757,-53.794623253038,-30.0786888888885,191
1104761,-53.6834232530379,-30.0787888888885,191
1104760,-54.1754232530379,-30.0810888888885,191
1104762,-53.673323253038,-30.0812888888885,191
1104766,-54.1589232530379,-30.0817888888884,191
1104769,-52.454523253038,-30.0826888888885,191
1104774,-53.4073232530379,-30.0848888888885,191
1104773,-55.010723253038,-30.0856888888885,191
1104775,-53.846523253038,-30.0861888888886,191
1104779,-52.805823253038,-30.0862888888884,191
1104763,-53.173523253038,-30.0863888888885,191
1104781,-53.9856232530379,-30.0891888888885,191
1104782,-53.3710232530379,-30.0894888888885,191
1104778,-53.385123253038,-30.0900888888885,191
1104787,-52.6535232530379,-30.0913888888885,191
1104788,-53.649023253038,-30.0922888888886,191
1104791,-54.0445232530379,-30.0924888888886,191
1104789,-52.709223253038,-30.0930888888885,191
1104786,-53.8018232530379,-30.0931888888886,191
1104796,-53.307223253038,-30.0940888888885,191
1104797,-54.8561232530379,-30.0941888888885,191
1104792,-55.485423253038,-30.0943888888885,191
1104793,-53.449123253038,-30.0947888888886,191
1104798,-54.161323253038,-30.0959888888885,191
1104799,-53.468823253038,-30.0963888888885,191
1104802,-55.068023253038,-30.0968888888885,191
1104800,-53.339623253038,-30.0974888888886,191
1104795,-53.374323253038,-30.0977888888885,191
1104807,-53.6372232530379,-30.0983888888885,191
1104815,-53.305823253038,-30.0988888888886,191
121470,-54.988923253038,-30.0989888888885,191
1104810,-54.120623253038,-30.1009888888885,191
1104805,-54.9397232530379,-30.1014888888884,191
1104818,-55.0162232530379,-30.1015888888885,191
1104806,-54.064623253038,-30.1019888888885,191
1104814,-53.322923253038,-30.1030888888885,191
1104821,-53.115823253038,-30.1031888888886,191
1104820,-53.775323253038,-30.1035888888885,191
1104823,-53.706123253038,-30.1037888888885,191
1104825,-53.805323253038,-30.1048888888885,191
1104824,-53.395823253038,-30.1049888888886,191
1104829,-54.0033232530379,-30.1073888888885,191
1104832,-53.063223253038,-30.1074888888886,191
1104835,-52.569823253038,-30.1082888888885,191
1104836,-53.617523253038,-30.1088888888885,191
1104833,-53.214923253038,-30.1089888888885,191
1104831,-53.193923253038,-30.1111888888885,191
1104837,-52.9547232530379,-30.1122888888885,191
1104839,-53.464623253038,-30.1126888888886,191
1104842,-52.824323253038,-30.1130888888885,191
1104844,-53.395423253038,-30.1141888888885,191
1104843,-53.701723253038,-30.1144888888886,191
1104853,-54.849523253038,-30.1151888888886,191
1104846,-54.671523253038,-30.1153888888886,191
1104847,-53.874823253038,-30.1154888888885,191
1104848,-53.780023253038,-30.1154888888885,191
1104854,-53.088623253038,-30.1173888888885,191
1104858,-53.667423253038,-30.1188888888885,191
1104859,-53.255723253038,-30.1205888888885,191
1104867,-54.2350232530379,-30.1207888888885,191
1104863,-53.5190232530379,-30.1214888888886,191
1104871,-54.152423253038,-30.1243888888885,191
1104872,-53.529623253038,-30.1243888888885,191
1104874,-54.0300232530379,-30.1253888888886,191
1104875,-54.190223253038,-30.1258888888885,191
1104876,-53.812723253038,-30.1281888888885,191
1104878,-52.697223253038,-30.1290888888885,191
1104882,-54.980023253038,-30.1306888888885,191
1104883,-53.504523253038,-30.1315888888885,191
1104885,-54.092923253038,-30.1323888888886,191
1104888,-54.545023253038,-30.1327888888885,191
1104891,-53.997323253038,-30.1332888888885,191
1104877,-52.561623253038,-30.1332888888885,191
1104892,-54.385923253038,-30.1335888888885,191
1104889,-54.2676232530379,-30.1342888888885,191
1104890,-53.1188232530379,-30.1342888888885,191
1104898,-54.043523253038,-30.1368888888886,191
1104893,-54.6093232530379,-30.1372888888885,191
1104894,-53.663523253038,-30.1373888888886,191
1104896,-52.552223253038,-30.1377888888885,191
121475,-53.692823253038,-30.1408888888884,191
1104905,-52.788323253038,-30.1416888888885,191
1104910,-53.207423253038,-30.1421888888885,191
1104908,-53.677523253038,-30.1436888888884,191
1104909,-53.360823253038,-30.1440888888885,191
1104918,-54.271823253038,-30.1445888888886,191
1104912,-55.390723253038,-30.1446888888885,191
1104914,-53.3692232530379,-30.1446888888885,191
1104907,-54.061223253038,-30.1448888888885,191
1104920,-53.7764232530379,-30.1456888888886,191
1104916,-52.806823253038,-30.1459888888885,191
1104919,-54.1233232530379,-30.1460888888885,191
1104926,-53.796023253038,-30.1464888888885,191
1104913,-53.763123253038,-30.1465888888885,191
1104922,-55.008923253038,-30.1482888888885,191
1104924,-55.133923253038,-30.1490888888885,191
1104927,-52.785323253038,-30.1490888888885,191
1104925,-54.977223253038,-30.1502888888886,191
1104940,-54.923423253038,-30.1513888888886,191
1104936,-54.199923253038,-30.1514888888885,191
1104931,-54.004923253038,-30.1514888888885,191
1104935,-53.0049232530379,-30.1514888888885,191
1104934,-53.521923253038,-30.1551888888885,191
1104938,-54.115923253038,-30.1558888888885,191
1104932,-53.688823253038,-30.1566888888885,191
1104941,-52.596323253038,-30.1567888888885,191
1104944,-52.522923253038,-30.1583888888886,191
1104948,-53.721723253038,-30.1590888888886,191
1104947,-54.5364232530379,-30.1607888888885,191
1104951,-55.370723253038,-30.1609888888885,191
1104952,-53.232123253038,-30.1609888888885,191
1104953,-53.377123253038,-30.1610888888886,191
1104954,-52.852123253038,-30.1617888888886,191
1104957,-54.0859232530379,-30.1624888888886,191
1104959,-54.000223253038,-30.1647888888886,191
1104967,-52.821523253038,-30.1664888888885,191
1104962,-54.068523253038,-30.1667888888886,191
1104964,-54.311723253038,-30.1673888888885,191
1104968,-52.717023253038,-30.1675888888885,191
1104961,-54.373823253038,-30.1676888888885,191
1104966,-53.096023253038,-30.1681888888885,191
1104970,-53.211023253038,-30.1688888888885,191
1104969,-52.575323253038,-30.1700888888885,191
1104975,-54.336523253038,-30.1717888888886,191
1104976,-53.205923253038,-30.1719888888886,191
1104965,-53.1772232530379,-30.1722888888885,191
1104983,-53.694323253038,-30.1738888888885,191
1104981,-54.9781232530379,-30.1746888888885,191
1104982,-53.9949232530379,-30.1748888888885,191
1104985,-52.483823253038,-30.1757888888884,191
1104988,-53.680223253038,-30.1758888888885,191
1104986,-54.038723253038,-30.1764888888886,191
1104984,-52.717423253038,-30.1788888888885,191
1104990,-52.590623253038,-30.1791888888885,191
1104995,-52.984823253038,-30.1794888888886,191
1104997,-53.178323253038,-30.1804888888885,191
1104993,-54.259323253038,-30.1818888888885,191
1104999,-54.2220232530379,-30.1820888888885,191
1105000,-54.036123253038,-30.1823888888885,191
1105007,-53.266623253038,-30.1833888888885,191
1105001,-54.0163232530379,-30.1841888888885,191
1105002,-53.223423253038,-30.1844888888886,191
1105005,-53.728523253038,-30.1846888888886,191
1105013,-52.9857232530379,-30.1874888888885,191
1105020,-53.159123253038,-30.1875888888885,191
1105014,-52.840123253038,-30.1876888888885,191
1105017,-53.305823253038,-30.1883888888885,191
1105022,-52.484423253038,-30.1886888888885,191
1105021,-52.792423253038,-30.1887888888886,191
1105023,-53.188223253038,-30.1892888888884,191
1105025,-52.4039232530379,-30.1907888888886,191
1105032,-53.202523253038,-30.1910888888885,191
1105027,-53.343623253038,-30.1928888888885,191
1105033,-54.223123253038,-30.1933888888885,191
1105028,-53.2580232530379,-30.1933888888885,191
1105029,-52.4967232530379,-30.1936888888885,191
1105030,-54.320223253038,-30.1947888888885,191
1105034,-52.510323253038,-30.1956888888885,191
1105037,-53.038123253038,-30.1975888888885,191
1105039,-53.325423253038,-30.1990888888885,191
1105048,-53.260923253038,-30.2028888888885,191
1105044,-54.130123253038,-30.2032888888885,191
1105040,-52.886423253038,-30.2032888888885,191
1105052,-52.729923253038,-30.2051888888885,191
1105054,-54.354023253038,-30.2052888888885,191
1105053,-55.037123253038,-30.2055888888885,191
1105047,-54.377723253038,-30.2055888888885,191
1105050,-53.873523253038,-30.2058888888885,191
1105056,-53.9891232530379,-30.2059888888886,191
1105049,-53.021023253038,-30.2066888888886,191
1105062,-53.275523253038,-30.2102888888885,191
1105059,-54.562823253038,-30.2104888888886,191
1105063,-52.590423253038,-30.2119888888885,191
1105066,-54.263823253038,-30.2124888888885,191
1105069,-54.108423253038,-30.2140888888885,191
1105064,-52.385823253038,-30.2143888888885,191
1105070,-54.282223253038,-30.2150888888885,191
1105072,-53.053723253038,-30.2151888888884,191
1105076,-52.8022232530379,-30.2167888888885,191
1105077,-53.192523253038,-30.2183888888885,191
1105082,-52.5568232530379,-30.2198888888885,191
1105084,-52.8321232530379,-30.2208888888886,191
1105083,-54.422923253038,-30.2211888888885,191
1105094,-55.362723253038,-30.2243888888885,191
1105091,-55.073723253038,-30.2243888888885,191
1105095,-52.735923253038,-30.2255888888885,191
1105097,-53.177523253038,-30.2258888888886,191
1105096,-53.149423253038,-30.2260888888885,191
1105099,-54.191723253038,-30.2285888888886,191
1105103,-52.7044232530379,-30.2291888888885,191
1105102,-53.075423253038,-30.2297888888885,191
1105100,-52.898523253038,-30.2298888888885,191
1105104,-52.5234232530379,-30.2308888888886,191
1105106,-53.386723253038,-30.2328888888886,191
1105108,-54.282723253038,-30.2335888888886,191
121489,-52.936823253038,-30.2348888888884,191
1105119,-54.3844232530379,-30.2351888888886,191
1105123,-55.063223253038,-30.2379888888885,191
1105124,-53.241123253038,-30.2386888888885,191
1105127,-55.4374232530379,-30.2399888888885,191
1105128,-52.819923253038,-30.2406888888885,191
1105137,-54.310923253038,-30.2423888888885,191
1105130,-53.204523253038,-30.2424888888885,191
1105129,-54.472623253038,-30.2426888888885,191
1105140,-54.498623253038,-30.2456888888885,191
1105141,-54.562523253038,-30.2462888888886,191
1105149,-54.207023253038,-30.2471888888885,191
1105142,-54.099423253038,-30.2471888888885,191
1105150,-53.086023253038,-30.2471888888885,191
1105152,-52.695923253038,-30.2515888888885,191
1105154,-53.235223253038,-30.2520888888885,191
1105156,-53.188323253038,-30.2550888888886,191
1105159,-52.461223253038,-30.2592888888885,191
1105167,-53.442923253038,-30.2602888888886,191
1105164,-55.0955232530379,-30.2605888888885,191
1105171,-54.247523253038,-30.2650888888886,191
1105174,-52.665423253038,-30.2676888888885,191
1105172,-54.1113232530379,-30.2680888888884,191
1105180,-54.433723253038,-30.2708888888885,191
1105179,-54.5407232530379,-30.2712888888885,191
1105183,-54.1761232530379,-30.2748888888885,191
121497,-54.776523253038,-30.2750888888885,191
1105186,-54.351123253038,-30.2757888888885,191
1105190,-54.4075232530379,-30.2765888888886,191
1105187,-54.183923253038,-30.2765888888886,191
1105192,-52.8385232530379,-30.2776888888885,191
1105194,-54.579523253038,-30.2801888888885,191
1105196,-54.478723253038,-30.2805888888885,191
121500,-54.552823253038,-30.2894888888884,191
1105204,-54.4270232530379,-30.2905888888885,191
1105202,-54.702623253038,-30.2924888888886,191
1105216,-54.3273232530379,-30.2983888888886,191
1105220,-54.159823253038,-30.3034888888885,191
1105228,-54.332323253038,-30.3088888888885,191
1105232,-54.396323253038,-30.3123888888886,191
1105229,-54.341623253038,-30.3137888888885,191
1105235,-55.372323253038,-30.3141888888886,191
1105240,-54.800523253038,-30.3172888888885,191
1105246,-54.423923253038,-30.3205888888886,191
1105249,-54.9743232530379,-30.3218888888886,191
1105243,-54.473023253038,-30.3221888888885,191
1105250,-54.249823253038,-30.3232888888885,191
1105259,-55.082623253038,-30.3260888888885,191
1105265,-54.7429232530379,-30.3278888888885,191
1105263,-54.504223253038,-30.3300888888886,191
1105274,-54.7238232530379,-30.3357888888885,191
1105278,-54.142823253038,-30.3410888888885,191
1105277,-54.574323253038,-30.3415888888886,191
1105283,-54.849823253038,-30.3464888888885,191
1105293,-54.871223253038,-30.3524888888885,191
121507,-55.123423253038,-30.3544888888885,191
1105296,-54.593523253038,-30.3560888888886,191
1105299,-54.412923253038,-30.3582888888885,191
1105300,-54.363923253038,-30.3588888888885,191
1105302,-53.032023253038,-30.3618888888885,191
1105305,-54.563923253038,-30.3630888888886,191
1105308,-55.021523253038,-30.3640888888885,191
1105309,-54.624123253038,-30.3647888888885,191
1105310,-55.114223253038,-30.3651888888885,191
1105314,-54.836523253038,-30.3672888888885,191
1105315,-54.583023253038,-30.3677888888885,191
1105317,-54.300223253038,-30.3683888888885,191
1105322,-53.153823253038,-30.3705888888886,191
1105320,-54.6514232530379,-30.3708888888885,191
1105324,-54.865023253038,-30.3718888888885,191
1105327,-54.746123253038,-30.3748888888885,191
1105335,-53.2273232530379,-30.3815888888885,191
1105337,-54.530423253038,-30.3833888888885,191
1105341,-54.483523253038,-30.3860888888885,191
1105343,-53.080823253038,-30.3860888888885,191
1105339,-54.6816232530379,-30.3864888888886,191
1105355,-54.409923253038,-30.3921888888885,191
1105353,-55.101623253038,-30.3934888888886,191
1105360,-54.8025232530379,-30.3949888888885,191
1105361,-54.132523253038,-30.3949888888885,191
1105374,-54.702623253038,-30.4040888888885,191
1105378,-54.486923253038,-30.4060888888885,191
1105375,-54.225423253038,-30.4063888888886,191
121511,-54.661323253038,-30.4066888888885,191
121513,-55.209423253038,-30.4212888888885,191
1105401,-54.307823253038,-30.4227888888885,191
1105396,-54.199523253038,-30.4229888888885,191
1105403,-55.0923232530379,-30.4234888888885,191
1105400,-54.4342232530379,-30.4235888888886,191
1105406,-53.0755232530379,-30.4281888888885,191
1105409,-54.625023253038,-30.4307888888885,191
121514,-54.8876232530379,-30.4309888888885,191
1105416,-54.2504232530379,-30.4380888888886,191
1105417,-54.846223253038,-30.4398888888886,191
1105418,-53.1518232530379,-30.4410888888885,191
1105420,-53.2373232530379,-30.4437888888885,191
1105424,-54.514623253038,-30.4458888888885,191
1105423,-53.310723253038,-30.4473888888886,191
1105430,-54.549623253038,-30.4502888888886,191
1105434,-54.571823253038,-30.4571888888885,191
1105441,-53.1802232530379,-30.4602888888886,191
121523,-54.6442232530379,-30.4640888888886,191
1105445,-54.387523253038,-30.4656888888885,191
1105450,-53.148223253038,-30.4698888888885,191
1105455,-54.621823253038,-30.4769888888885,191
1105459,-54.794423253038,-30.4779888888885,191
1105457,-53.177323253038,-30.4802888888884,191
1105456,-54.688923253038,-30.4803888888885,191
1105464,-54.5831232530379,-30.4809888888885,191
121525,-53.086523253038,-30.4817888888886,191
1105463,-54.4649232530379,-30.4823888888885,191
1105461,-54.9215232530379,-30.4833888888885,191
1105469,-54.4906232530379,-30.4934888888885,191
1105476,-54.335223253038,-30.4977888888885,191
1105483,-54.445423253038,-30.5005888888885,191
1105484,-54.4075232530379,-30.5005888888885,191
1105486,-54.881723253038,-30.5013888888885,191
1105493,-55.182323253038,-30.5105888888885,191
1105494,-54.352323253038,-30.5115888888885,191
